Для 150*150:

866
732
428
405
413
416
418
416
416
403

Среднее:491

987
501
435
419
414
425
423
410
405
409

Среднее:482

875
587
648
496
435
434
460
433
430
452

Среднее:525

835
603
530
430
443
422
410
410
418
404

Среднее:490

Для 200*200:

990
751
774
761
767
744
768
745
757
750

Среднее:780

1373
956
900
747
782
733
741
738
730
722

Среднее:842

1160
732
738
734
734
729
732
783
729
738

Среднее:780

1288
747
729
723
722
720
739
752
739
720

Среднее:787

Для 100*100:

289
260
248
177
175
178
184
176
186
184

Среднее:205

240
365
488
243
194
177
184
186
175
179

Среднее:243

416
454
186
183
173
181
172
180
183
177

Среднее:230

440
314
377
242
230
209
248
197
190
178

Среднее:262

