246341 
232280 
237935 
267138 
268182 
283994 
250227 
230594 
241205 
240401 
270200 
266066 
234046 
269287 
241955 
243255 
211770 
230254 
260932 
255162 
258195 
240067 
262493 
256419 
247481 
270563 
247744 
253202 
269121 
253063 
268911 
236716 
283105 
242240 
263070 
248705 
261510 
264002 
271945 
261686 
255297 
249133 
247112 
233006 
284666 
247679 
244745 
249337 
265017 
254424 
254197 
272598 
234893 
263270 
273953 
260774 
236190 
247177 
312193 
260819 
278092 
252287 
266971 
287862 
273807 
237182 
228778 
246682 
235911 
268294 
289055 
272043 
270408 
255943 
278265 
256558 
247910 
251487 
261286 
238432 
261348 
263911 
238266 
281687 
245426 
262892 
243543 
285889 
251998 
257938 
239596 
260559 
279892 
219430 
263248 
271365 
251920 
273163 
261144 
238906 
277025 
244150 
232804 
275005 
273073 
294039 
283316 
250113 
253449 
245107 
273582 
268077 
246991 
257576 
268721 
252470 
213142 
245199 
277638 
258330 
271624 
226331 
267812 
262741 
257486 
266960 
271758 
255999 
266550 
253363 
280307 
231857 
265283 
256146 
262845 
259879 
267449 
277739 
272142 
283436 
252819 
267911 
264373 
242741 
292769 
256135 
238683 
255409 
264423 
262827 
285444 
269370 
265165 
270918 
277891 
258634 
240738 
263484 
314643 
262563 
301064 
267228 
261566 
292372 
283310 
224589 
252275 
258946 
233475 
295313 
287478 
271546 
273166 
268767 
285454 
259279 
272543 
268941 
256872 
256213 
255818 
268861 
258328 
280284 
261613 
276387 
261912 
291813 
250189 
280044 
271214 
264929 
287562 
234240 
260257 
265133 
274570 
280836 
296046 
272739 
251330 
246784 
239715 
256491 
270193 
273650 
270232 
251491 
256507 
237114 
263792 
270648 
257913 
273923 
264494 
251032 
223361 
247863 
263503 
261136 
257153 
248476 
272657 
273223 
248060 
269412 
242349 
260459 
247648 
240758 
258844 
253997 
293399 
262482 
251941 
254433 
259310 
263542 
275480 
278253 
258757 
263235 
247292 
252350 
283691 
260592 
250987 
260680 
265389 
267469 
269670 
266734 
241583 
270678 
267747 
262605 
233361 
259637 
316637 
261032 
287330 
278653 
259636 
278323 
281063 
252002 
245461 
257634 
251135 
291793 
289391 
277150 
275738 
266633 
276897 
258282 
268843 
256437 
259400 
260095 
249977 
253306 
247061 
286652 
238975 
255409 
239839 
278723 
257787 
250254 
267253 
273349 
275913 
225256 
250733 
268357 
255329 
274354 
282375 
249121 
265883 
265239 
245932 
278409 
284195 
297085 
290500 
248917 
260757 
253483 
278754 
278714 
261482 
268887 
275442 
253502 
241834 
240299 
275791 
275050 
286311 
255234 
291934 
256160 
247792 
289490 
263278 
271942 
278693 
257361 
286118 
258438 
301037 
267105 
262960 
258862 
283187 
276720 
284391 
277416 
263352 
290899 
267960 
271837 
288303 
273473 
259724 
269147 
262409 
266984 
276308 
273334 
259183 
288705 
278059 
256474 
243699 
266936 
320243 
279230 
293741 
274133 
262600 
287502 
275544 
253999 
241506 
244779 
260427 
296307 
290260 
282894 
277730 
290831 
303523 
263476 
269353 
279592 
266892 
286536 
262586 
266956 
268180 
284753 
250908 
278874 
267530 
274127 
243879 
274610 
252932 
270919 
298908 
237396 
279174 
275354 
283295 
287993 
290024 
264657 
228804 
212586 
213074 
242632 
251276 
242157 
246066 
231697 
205060 
220106 
225573 
242885 
228043 
253632 
229373 
208975 
191511 
216598 
237478 
243236 
248265 
206514 
246361 
231962 
225811 
241286 
237165 
229920 
220144 
232127 
234515 
224024 
246701 
234434 
224660 
232223 
226119 
224849 
235787 
230078 
241120 
230230 
227151 
206445 
251274 
233795 
229189 
218472 
220799 
227633 
234932 
246073 
222849 
239997 
249157 
231532 
228899 
244716 
272004 
238975 
244533 
238410 
241067 
253120 
242576 
208015 
213626 
237314 
214478 
255766 
251917 
234720 
230089 
225701 
247835 
231749 
229235 
236214 
228170 
226104 
234364 
215804 
214248 
232894 
238008 
253436 
227081 
233962 
227424 
243334 
228000 
229687 
256900 
197018 
222621 
252793 
245797 
241194 
239409 
216564 
273467 
246964 
231441 
262676 
254979 
286566 
258275 
231565 
253224 
237374 
261840 
263360 
245182 
278407 
272163 
242222 
215524 
244086 
255198 
256869 
258090 
240314 
262463 
256477 
251025 
272948 
246528 
250244 
246907 
232892 
267733 
235141 
284231 
239312 
250434 
264576 
258754 
244241 
264726 
256410 
254309 
255341 
266355 
227160 
272656 
254510 
249912 
256087 
267133 
236658 
268379 
269829 
239274 
253403 
264174 
252910 
248004 
241296 
297714 
259444 
275707 
250605 
277773 
282663 
292595 
236506 
245744 
236907 
239287 
280704 
290649 
277689 
287422 
269998 
276659 
251586 
267715 
261811 
250837 
251184 
262008 
248062 
251647 
272813 
240907 
286970 
252942 
277514 
254338 
266091 
253482 
272607 
278310 
222839 
260664 
271975 
264300 
259210 
264288 
264787 
244842 
212325 
215020 
240962 
241928 
262522 
251079 
219473 
231811 
224993 
255045 
223884 
227883 
245200 
232225 
231068 
201328 
248251 
250933 
227325 
248506 
222949 
255026 
241025 
236836 
250719 
250960 
236373 
252291 
236740 
246145 
224869 
264234 
241169 
242969 
237620 
228055 
241819 
235244 
252192 
231666 
235355 
226133 
215675 
255661 
245583 
235191 
236210 
237254 
232852 
255836 
256488 
234309 
251020 
253338 
231458 
242599 
242918 
291454 
235868 
262358 
244599 
236567 
264371 
258082 
217538 
222791 
229378 
212226 
257302 
273764 
245541 
264009 
240795 
267355 
245046 
236742 
240397 
234292 
223437 
231677 
241322 
234389 
267107 
230400 
243267 
232076 
260959 
226058 
241464 
227844 
256775 
254592 
223343 
235140 
243771 
234099 
243485 
245351 
222555 
245921 
224513 
227806 
254131 
241951 
271987 
259155 
230027 
236614 
238921 
254626 
239355 
242859 
258111 
246336 
238184 
206661 
232084 
253485 
240009 
246966 
232726 
255311 
226233 
216733 
251541 
218155 
232083 
249435 
247094 
255442 
225525 
270960 
237524 
239891 
238985 
246651 
252226 
248921 
264267 
245526 
250127 
231396 
213283 
276563 
243300 
231596 
257865 
243673 
229861 
253518 
256330 
247202 
258062 
263323 
237044 
231255 
235587 
295475 
246428 
261970 
255381 
271341 
268545 
260012 
229629 
227898 
234667 
220235 
263583 
268409 
249104 
262811 
262710 
264198 
245740 
241629 
264448 
246343 
242639 
247028 
242108 
254407 
263361 
226425 
258889 
236375 
263460 
229717 
269937 
245304 
252698 
261238 
232450 
248567 
263841 
262868 
265735 
266492 
240864 
259493 
229480 
238427 
255940 
243796 
274896 
269492 
260718 
237515 
238102 
254526 
258744 
245021 
243318 
256731 
247271 
232598 
225187 
248347 
247777 
247659 
246962 
261474 
255487 
241107 
258639 
239265 
256173 
268067 
240457 
246235 
237726 
262449 
232770 
237756 
252063 
273554 
251687 
264036 
259988 
269761 
256136 
232502 
231061 
272273 
239907 
241966 
245632 
232877 
248404 
272017 
257349 
229930 
243482 
271830 
241192 
242415 
240965 
314531 
247875 
274110 
236855 
258284 
269915 
273141 
234175 
236912 
233015 
243994 
276753 
275508 
257423 
259912 
259350 
265984 
265821 
249424 
263489 
255989 
248173 
240429 
247878 
236638 
252115 
215596 
252377 
244203 
263910 
247139 
238227 
238725 
247271 
263745 
208490 
238666 
251333 
263967 
274821 
274969 
234918 
218469 
215528 
202039 
222564 
228218 
240231 
230302 
211954 
209540 
215102 
227925 
247638 
209157 
217190 
221166 
198287 
176363 
204052 
232274 
201435 
225248 
219665 
228432 
216958 
215540 
233498 
223417 
225487 
227313 
216347 
224348 
209708 
231883 
211179 
217681 
226437 
219494 
215393 
217536 
221644 
224864 
220459 
220979 
192501 
234891 
218196 
197245 
236591 
227580 
218940 
238256 
241149 
205866 
222030 
245519 
227131 
220856 
221713 
253796 
223919 
245346 
236419 
217382 
228749 
245063 
181130 
213899 
205720 
214565 
233709 
235904 
223931 
239808 
242356 
245193 
203788 
212298 
233797 
226431 
231674 
215195 
236025 
225022 
245973 
211070 
234570 
220317 
245833 
217954 
230249 
200524 
220364 
228085 
190462 
231932 
229464 
232107 
243713 
258379 
228527 
248791 
243671 
223917 
240298 
251883 
256656 
263452 
235293 
231317 
232623 
241302 
248094 
214945 
235869 
241481 
227267 
201040 
214633 
248479 
229417 
244332 
228599 
248972 
227286 
237264 
264407 
232490 
246419 
217697 
223744 
248325 
213116 
258545 
234901 
241835 
253838 
245633 
228634 
249019 
265687 
245590 
241447 
245916 
234044 
268239 
234637 
216325 
246472 
251788 
239414 
263428 
243287 
221446 
240162 
253084 
225557 
228133 
232293 
279888 
243951 
268982 
245579 
240895 
245390 
267573 
218368 
223868 
229336 
237178 
269932 
253863 
239961 
243354 
261269 
252600 
229932 
238064 
243590 
237556 
244931 
216649 
239627 
252723 
259711 
226667 
242816 
230369 
252614 
233794 
255776 
235366 
239897 
263438 
217249 
240064 
244361 
252551 
274394 
264075 
237062 
236575 
217758 
217598 
248036 
240834 
259009 
248226 
228430 
230252 
223978 
236409 
266478 
217869 
247931 
239982 
221970 
207178 
219280 
240693 
230948 
239962 
229594 
250023 
246424 
231632 
257566 
236554 
231888 
235892 
236385 
248854 
224090 
259192 
231924 
240472 
237010 
250965 
221230 
251754 
246606 
249580 
236270 
235988 
223374 
262635 
229663 
227409 
247007 
242839 
238352 
242938 
241413 
221009 
235462 
259708 
234266 
241501 
224302 
287863 
243500 
256887 
246272 
246711 
253896 
260847 
230323 
216362 
219032 
237450 
245751 
269279 
256007 
246549 
246669 
257162 
233472 
232017 
246407 
238980 
241191 
227248 
246160 
224860 
261160 
222430 
241865 
228064 
258543 
235430 
248400 
223547 
239827 
260378 
207718 
233676 
251421 
246531 
263557 
237271 
240064 
252384 
224498 
220700 
254834 
260308 
263538 
261275 
227002 
244336 
248907 
257668 
249880 
239959 
245957 
255057 
243699 
230835 
232546 
263027 
249266 
251264 
210068 
255792 
238292 
234966 
270164 
248808 
243396 
229732 
235768 
248774 
215123 
256241 
248748 
257631 
243505 
254807 
260826 
265022 
260615 
234871 
256509 
236074 
235672 
256282 
241662 
237665 
237030 
239507 
254187 
263166 
259841 
230922 
256575 
255280 
237487 
231541 
253287 
296397 
246380 
259342 
245801 
243672 
265030 
264945 
230297 
226537 
256337 
232581 
273145 
258076 
248788 
261824 
260045 
269406 
248369 
261748 
247132 
249581 
243487 
244312 
252863 
232552 
272571 
233371 
259359 
232645 
252581 
231683 
250744 
240826 
243624 
276464 
213106 
246864 
260095 
257965 
261774 
279590 
242233 
221446 
194977 
172780 
221548 
214325 
227160 
216641 
201792 
193683 
192311 
221282 
221422 
209960 
215513 
207652 
194489 
188135 
195090 
225989 
192780 
198589 
196989 
204509 
221946 
202804 
221248 
210656 
216500 
207792 
203265 
207393 
211960 
227729 
218730 
210725 
215783 
209295 
208008 
205782 
223944 
212619 
209129 
201559 
185791 
223365 
197388 
198695 
203152 
209466 
203710 
222905 
216032 
212898 
198897 
230843 
222861 
209683 
212808 
238190 
210263 
216722 
197182 
213292 
223909 
238624 
189299 
203410 
199662 
203889 
232510 
241944 
212872 
221225 
231995 
224816 
200735 
210247 
207794 
204301 
219430 
199982 
219088 
201364 
221858 
191165 
214471 
194647 
225611 
210495 
197866 
214739 
210347 
227795 
180157 
201294 
220047 
214755 
228931 
215270 
223291 
241516 
237933 
229682 
259594 
266156 
279627 
254499 
235680 
249311 
222952 
242663 
263040 
249154 
253107 
251073 
241100 
207246 
234510 
250795 
241762 
258838 
237718 
248304 
237140 
227558 
262332 
225690 
234490 
240442 
241994 
254877 
225149 
272200 
235442 
259361 
235130 
248565 
247096 
247221 
258263 
254866 
247314 
234912 
219296 
269375 
247935 
233231 
252684 
251310 
256211 
252100 
254189 
235988 
266103 
273182 
229803 
235211 
243458 
262622 
241061 
260022 
249767 
268190 
252499 
264742 
233482 
229126 
245829 
224982 
275835 
255053 
252370 
256538 
249765 
273252 
244165 
252946 
255148 
241281 
252238 
243296 
249488 
249240 
254429 
231060 
256748 
232626 
256925 
228648 
254320 
234752 
240628 
251493 
221820 
234239 
261838 
266846 
272474 
252358 
242123 
258596 
227887 
225228 
257379 
254880 
273100 
277832 
229280 
258873 
233803 
259606 
267368 
234321 
259484 
252099 
239862 
220558 
232663 
266912 
247250 
258186 
226879 
277658 
243703 
236278 
267813 
255790 
254491 
242185 
239528 
255615 
226221 
271251 
252245 
251260 
250174 
255091 
258562 
259370 
264309 
262182 
254851 
233351 
241056 
270056 
237728 
233807 
265493 
246993 
255509 
242134 
273058 
224941 
251621 
257116 
235591 
237642 
253165 
306431 
243291 
272410 
237923 
247983 
264564 
266080 
236637 
221181 
250252 
238708 
278886 
267178 
254234 
259710 
260708 
266526 
245960 
250241 
268125 
251718 
266195 
247633 
266328 
244157 
275209 
233646 
257987 
217046 
261797 
239590 
251083 
232898 
257228 
266683 
214869 
257515 
260869 
252805 
276937 
267855 
242801 
255033 
219873 
231164 
264746 
253823 
261747 
258798 
223271 
225639 
238160 
256426 
261677 
243288 
245375 
242258 
251904 
232911 
214415 
252141 
242653 
233156 
231258 
240545 
235099 
230926 
278685 
234789 
253809 
235496 
242584 
252469 
234863 
274718 
238836 
242975 
248142 
256212 
246391 
255075 
264726 
244446 
255148 
262896 
227792 
274447 
260980 
220835 
254266 
238336 
259191 
270742 
237773 
221077 
241836 
250117 
234389 
220435 
233029 
288100 
252683 
267664 
252342 
263739 
262140 
288531 
234172 
231540 
238827 
226879 
268085 
274140 
251210 
262123 
269323 
272603 
233256 
230099 
249112 
257298 
243813 
245274 
248816 
258209 
261109 
239980 
242242 
249510 
273187 
243274 
244002 
238727 
259317 
255007 
213067 
241911 
251658 
263543 
279780 
262491 
251586 
240591 
215771 
213698 
238036 
243887 
256696 
251686 
229111 
227678 
230702 
238159 
257325 
199880 
235661 
237909 
225568 
199799 
215852 
259401 
228206 
245208 
223394 
258127 
224007 
236681 
255991 
238415 
240447 
213116 
236932 
246024 
220621 
242678 
237656 
218572 
233837 
230443 
225168 
232808 
251489 
239341 
227480 
230764 
204267 
255379 
238411 
227365 
238311 
248477 
233800 
243721 
244904 
214176 
253845 
253465 
239079 
226503 
229158 
279004 
231348 
254449 
236470 
233383 
254063 
259584 
197490 
223613 
237340 
237078 
256110 
256835 
234781 
241599 
256436 
244143 
231022 
242377 
260920 
231718 
254275 
235407 
235008 
235535 
263021 
222445 
254123 
216976 
254863 
214392 
249680 
225131 
224195 
253620 
217757 
236858 
247993 
246205 
247795 
257844 
226731 
240343 
220847 
211907 
232959 
235939 
251081 
240376 
209248 
229001 
211579 
245967 
233872 
228804 
230455 
236115 
223809 
192707 
197119 
237898 
222649 
237773 
214991 
245190 
219431 
224071 
232625 
231872 
222982 
224677 
211070 
229145 
203596 
246517 
209163 
241819 
222206 
238098 
230296 
230342 
232151 
241385 
236787 
222621 
217693 
237356 
209489 
219560 
229708 
227532 
227330 
248647 
251638 
214300 
224243 
242319 
219690 
219104 
220795 
280921 
227299 
247057 
223928 
223974 
250428 
237384 
216302 
203879 
219726 
221880 
264964 
247606 
235979 
242694 
230604 
248726 
247840 
241041 
231946 
224584 
237164 
222528 
229448 
211529 
240322 
205016 
232448 
204668 
231511 
223939 
217272 
216888 
226711 
249993 
190924 
226327 
234563 
236451 
236026 
244712 
227745 
245270 
225239 
244254 
263174 
261048 
259846 
250992 
229999 
242223 
227665 
271674 
263615 
238966 
256592 
246315 
252250 
213928 
245062 
262537 
251337 
250035 
233086 
265105 
248482 
233576 
265421 
258965 
244168 
229597 
242091 
241352 
238309 
266121 
245493 
251992 
244180 
246427 
246834 
247784 
265565 
262629 
238061 
246587 
232029 
272152 
248649 
234462 
257235 
245121 
248473 
264331 
260422 
232408 
252617 
253529 
250313 
244990 
244627 
304631 
253737 
263001 
262396 
251871 
259100 
287278 
235101 
246751 
229574 
234616 
283715 
273492 
263317 
276382 
253992 
266319 
248432 
253746 
260128 
252493 
244315 
237918 
243313 
247428 
277432 
236761 
258105 
241627 
280540 
231664 
247087 
239280 
260999 
254918 
230159 
245082 
271993 
261423 
259965 
264373 
248868 
243085 
209283 
215960 
264577 
257994 
261672 
266557 
231742 
238650 
218586 
243258 
250506 
251033 
249597 
231400 
232064 
217705 
229659 
252341 
234672 
248214 
223763 
255342 
252539 
232532 
245459 
229569 
259528 
225265 
237145 
253427 
225773 
271871 
229329 
245642 
228588 
226625 
248242 
255137 
261175 
234940 
258058 
244149 
198249 
256909 
245940 
215930 
247342 
237979 
248548 
262790 
235433 
240466 
249461 
261085 
225360 
232462 
245091 
291037 
236600 
268652 
258790 
257335 
267400 
257246 
209406 
206383 
231353 
220344 
266348 
280395 
249200 
238178 
261993 
257786 
244972 
232497 
253988 
231983 
241548 
239448 
234878 
244846 
258694 
240202 
251192 
250878 
257386 
243633 
232125 
250763 
237135 
257525 
210132 
227905 
247172 
259367 
241099 
252229 
243538 
258465 
235970 
243119 
285340 
272807 
276412 
273874 
268321 
262082 
257909 
257599 
281549 
256734 
275926 
263637 
249559 
230401 
248528 
288996 
282246 
279486 
247225 
277928 
272596 
253767 
284487 
260430 
258866 
263480 
264085 
274588 
258637 
290511 
261796 
275171 
263096 
267023 
267871 
265502 
294783 
261891 
254880 
247846 
256441 
291017 
269994 
259758 
247610 
249508 
257945 
271156 
281101 
260665 
270951 
255487 
274084 
250244 
258306 
306967 
284459 
284957 
264865 
285813 
286208 
283436 
234994 
249114 
255883 
246630 
269728 
300042 
287847 
282938 
276134 
273675 
266038 
271942 
286228 
275036 
257595 
280915 
280569 
259152 
279013 
238106 
265661 
256955 
305181 
256862 
261165 
269548 
280985 
278280 
230829 
255969 
293588 
264893 
294647 
277369 
253802 
229990 
206060 
202708 
216603 
210072 
227551 
230866 
202751 
200707 
206176 
227978 
213762 
209629 
226986 
217370 
219063 
192471 
194481 
212476 
220715 
229640 
192546 
229115 
201618 
206847 
227116 
221360 
204369 
217586 
215380 
229469 
194440 
227573 
220006 
220088 
224436 
216691 
221196 
206772 
218101 
233299 
222870 
203172 
209896 
242208 
204718 
213567 
229153 
214958 
225715 
232960 
236848 
197833 
215860 
227820 
208058 
211747 
217164 
257541 
208988 
241023 
220684 
229370 
212601 
228402 
201823 
204827 
224404 
196090 
247771 
219023 
211508 
225053 
210807 
243169 
221877 
218042 
217351 
209233 
212492 
221309 
224208 
204041 
219198 
210900 
222599 
197476 
234368 
222510 
231287 
220302 
216537 
234930 
187370 
221537 
232903 
231200 
240989 
236823 
222376 
264675 
247860 
249115 
259248 
276082 
286657 
280778 
246119 
254170 
240571 
255562 
279659 
224804 
269275 
261592 
241937 
221659 
255578 
273100 
269737 
273376 
240537 
272820 
272366 
254555 
280034 
263192 
254839 
262225 
249269 
264202 
246185 
283344 
250717 
268458 
267543 
266002 
258167 
279930 
275085 
263968 
251598 
267916 
244438 
276847 
266527 
260978 
255771 
258601 
255925 
277272 
280643 
216585 
264465 
265538 
259120 
245302 
257685 
307705 
262566 
283560 
253665 
276432 
286273 
270731 
235210 
239134 
258197 
256859 
273044 
290721 
286062 
267585 
266097 
282884 
256119 
266331 
267287 
249794 
254993 
257166 
270685 
250629 
280102 
253189 
277813 
247293 
272374 
244425 
260945 
241041 
263580 
292719 
216891 
260837 
264855 
272382 
281849 
265487 
245756 
233111 
219056 
196468 
225397 
219320 
242970 
225557 
212529 
222591 
214445 
217250 
238927 
206552 
241054 
224769 
210232 
185244 
197578 
238537 
201165 
220904 
214136 
223428 
225069 
208889 
220448 
221173 
222193 
214749 
218040 
237873 
201869 
257261 
221823 
218054 
226646 
224736 
227830 
230266 
250044 
211347 
226710 
218202 
209231 
249836 
222299 
213764 
222107 
219990 
226193 
224065 
216663 
208419 
220892 
234920 
230442 
208053 
218595 
265419 
240367 
255590 
221326 
212222 
243884 
236521 
222690 
198068 
210598 
206513 
249629 
248955 
230222 
244635 
251713 
234716 
218153 
212865 
231811 
224704 
218074 
228999 
231035 
232378 
238239 
201442 
238660 
218939 
257610 
212794 
226382 
238335 
231365 
235554 
193492 
212807 
241018 
220396 
236815 
233086 
221296 
263931 
251508 
240754 
290345 
260193 
276201 
294783 
263515 
256058 
261429 
284982 
296579 
270000 
274180 
270713 
241696 
254201 
240093 
283574 
264289 
267960 
253797 
278310 
269409 
248560 
275834 
267321 
263493 
257680 
261030 
280195 
249824 
296590 
271145 
269136 
261322 
285573 
272461 
263808 
295627 
270662 
273533 
266075 
250213 
292714 
262736 
245568 
283669 
264411 
280861 
277270 
280600 
253696 
260643 
271122 
264777 
260998 
269755 
325432 
281099 
275975 
277535 
289297 
281442 
309493 
251594 
251010 
269338 
259383 
275908 
300089 
278790 
275820 
291940 
274654 
267692 
272835 
286659 
262135 
266013 
262541 
276155 
250245 
288466 
253549 
270400 
271019 
285457 
256378 
265043 
280098 
264487 
304142 
237179 
267386 
292573 
294755 
297427 
290481 
278482 
233381 
227589 
212155 
233133 
227624 
256026 
253739 
204395 
218043 
217752 
233801 
238594 
210119 
233948 
228777 
220464 
194720 
210379 
236629 
219828 
233215 
217831 
220172 
219048 
221741 
232153 
217708 
223026 
230792 
198257 
230423 
208797 
247727 
212486 
224673 
220958 
222690 
234399 
239102 
234640 
224577 
224905 
223920 
207839 
240424 
220545 
212770 
234661 
231333 
210804 
232103 
237176 
189706 
229198 
248598 
218242 
209447 
217617 
265513 
227761 
243027 
227961 
234785 
246077 
248276 
217087 
203912 
218214 
206841 
250915 
247392 
233881 
229866 
232629 
248876 
221383 
227979 
231595 
223559 
232824 
218896 
230003 
230787 
234055 
209015 
242652 
217476 
249021 
217871 
233249 
223497 
236800 
247821 
197818 
214395 
224151 
245684 
239352 
228972 
234767 
268632 
236938 
249852 
286171 
264305 
284618 
272127 
250804 
239094 
259703 
273304 
257125 
272824 
269421 
259295 
266879 
220665 
237469 
267055 
265368 
271930 
246545 
277666 
253795 
259081 
266682 
254477 
266430 
267582 
257170 
269408 
241525 
261075 
261288 
260679 
247209 
269703 
272434 
252889 
274900 
259090 
268521 
246269 
249658 
288353 
255620 
259594 
257198 
244184 
250714 
277460 
265365 
269483 
265358 
270312 
255109 
259376 
251327 
318100 
265604 
288772 
257326 
284720 
292707 
289323 
236701 
254870 
234443 
232487 
294590 
286445 
276823 
271029 
281816 
300820 
254259 
260094 
269881 
258906 
243777 
258128 
272616 
253222 
274340 
245832 
258268 
268082 
285318 
253046 
271870 
258900 
256846 
271667 
238250 
263317 
274791 
276612 
280027 
290592 
272489 
230655 
219775 
213780 
242292 
229342 
254019 
249251 
217388 
220645 
203628 
234793 
210580 
214320 
245331 
227321 
214980 
192850 
217741 
238970 
227257 
244783 
216438 
239815 
210490 
214520 
227286 
228371 
218913 
231715 
218832 
231924 
204781 
240360 
219588 
223894 
221714 
234883 
236665 
242294 
232258 
223632 
231922 
210813 
215268 
247804 
235706 
217409 
226182 
229967 
219382 
242891 
241013 
210613 
234124 
244941 
223331 
223949 
218986 
265595 
229551 
241570 
238625 
240580 
247642 
234404 
206906 
218296 
208212 
202586 
254763 
255984 
242949 
237954 
230451 
254455 
224676 
234033 
236120 
222124 
212242 
230233 
235976 
214285 
228178 
213385 
237212 
220444 
241450 
201475 
235332 
221273 
230222 
244134 
209902 
227403 
235281 
248294 
250845 
231780 
219497 
231234 
222596 
200931 
235570 
240067 
250294 
244317 
239520 
228089 
217063 
214558 
242901 
215622 
235112 
249807 
220004 
194571 
206623 
255021 
215321 
246522 
221003 
245451 
230002 
237432 
242556 
226072 
227045 
218780 
225580 
235668 
217721 
238377 
231893 
230179 
225790 
229263 
223665 
238721 
245910 
232148 
239548 
229381 
207422 
237734 
236122 
216425 
234919 
234305 
232772 
247726 
240670 
215211 
243931 
222765 
236995 
225619 
225120 
264379 
241433 
255027 
238081 
239649 
266038 
250393 
209757 
211741 
231771 
212209 
259496 
251940 
255456 
234873 
251655 
255218 
237855 
246874 
255849 
223653 
230936 
232742 
236334 
225790 
250128 
219547 
254892 
222218 
241881 
225330 
230911 
227381 
224575 
247338 
199891 
242582 
234615 
246720 
249134 
244582 
229016 
241826 
238777 
232728 
243128 
250730 
274369 
272090 
218412 
240996 
225577 
245565 
261493 
237449 
258429 
250111 
234808 
218743 
229360 
249111 
229932 
256106 
235764 
246533 
240143 
233046 
248534 
249776 
256628 
251078 
221316 
266658 
231401 
282041 
234769 
234918 
258714 
246668 
234882 
250742 
247576 
245507 
262740 
242913 
236179 
258174 
249409 
230970 
255393 
236908 
238324 
258325 
257692 
226532 
250266 
249764 
241011 
240618 
251468 
283050 
247523 
266814 
252553 
247018 
275459 
258235 
227853 
231759 
235763 
234708 
268172 
276757 
251958 
254345 
256438 
269110 
232726 
255728 
256317 
239816 
247815 
236589 
243670 
249777 
259888 
224074 
258953 
235858 
251789 
247057 
243274 
226556 
256456 
265034 
211027 
252404 
252608 
249534 
264842 
250719 
244664 
245893 
226980 
216572 
239764 
244589 
258853 
256653 
241412 
232319 
221160 
233035 
245599 
244103 
237340 
232604 
223176 
204747 
214048 
247746 
236322 
248487 
240794 
262492 
231656 
221283 
252925 
231580 
242875 
227060 
225701 
259739 
236812 
264695 
227535 
219614 
241412 
244082 
245336 
247796 
270249 
238166 
237112 
240014 
223633 
258442 
236568 
231565 
244729 
245014 
230670 
237567 
238560 
230704 
239161 
250308 
233280 
230988 
231123 
294519 
249035 
267856 
234469 
245511 
270846 
255686 
227804 
217208 
214006 
233446 
268165 
252646 
231981 
254272 
274373 
263521 
240253 
230580 
268998 
239555 
253160 
236084 
231253 
239861 
258454 
234226 
255008 
229001 
248018 
239547 
256055 
241354 
247179 
256429 
212067 
228088 
253753 
248010 
249538 
249117 
242026 
245228 
213480 
218313 
245722 
246973 
252175 
248557 
223040 
219346 
230446 
233794 
251455 
229763 
240101 
236546 
223438 
196223 
223325 
242956 
229454 
233059 
219991 
239542 
247666 
232947 
234531 
222871 
232438 
242487 
213309 
229986 
218550 
242488 
226548 
241762 
223175 
234273 
225841 
228336 
249270 
244392 
244647 
229647 
209246 
256967 
224634 
221331 
232918 
235688 
240380 
248151 
253624 
218805 
242448 
259045 
235774 
237433 
228533 
275548 
236597 
255615 
239161 
238304 
256737 
257075 
210864 
215263 
222855 
223574 
254772 
246998 
254274 
241842 
260800 
265315 
235983 
245898 
241702 
227188 
238585 
235302 
234852 
217902 
246551 
215999 
250004 
231691 
252340 
236040 
242979 
221888 
228221 
253582 
197648 
233302 
252754 
253098 
248910 
252526 
245957 
252482 
251190 
238673 
259316 
263503 
268647 
266749 
240158 
239442 
248448 
248949 
279999 
236980 
243482 
259214 
231983 
222848 
219756 
265429 
249065 
259606 
238077 
275425 
228821 
252385 
272981 
257369 
257285 
245185 
243974 
270100 
225822 
252192 
239419 
250782 
248128 
251700 
260769 
244591 
281289 
246680 
263309 
244468 
232392 
277149 
233003 
243694 
265577 
236050 
249846 
258983 
244305 
235646 
252124 
247183 
237485 
243193 
241023 
298662 
251784 
271131 
257050 
258365 
265651 
269311 
226133 
236411 
258853 
240080 
273568 
269816 
255316 
260846 
245726 
270504 
245864 
254130 
283695 
245006 
246196 
243083 
264933 
249426 
274732 
257114 
268922 
241269 
275781 
234829 
275759 
250488 
258654 
267455 
212671 
244073 
255678 
258903 
270538 
268548 
243444 
226979 
211787 
228207 
256421 
257306 
242996 
248644 
222310 
215946 
221341 
243710 
250508 
213227 
228309 
242247 
229432 
205443 
209740 
249642 
236167 
247823 
229371 
231357 
235344 
216770 
248636 
229605 
246900 
232898 
229840 
241540 
205318 
240785 
229749 
226283 
225027 
240515 
231867 
237397 
246904 
251088 
237077 
244109 
224117 
259655 
238764 
216123 
237544 
226399 
242130 
252390 
231991 
226278 
228988 
226977 
229349 
224524 
243105 
279178 
244217 
253364 
248883 
232259 
261023 
252534 
216724 
219026 
222666 
235038 
249074 
256226 
233292 
242448 
244602 
236208 
237445 
240981 
247314 
229121 
237204 
228200 
231880 
235018 
259352 
236724 
236859 
236555 
256528 
224612 
238599 
226664 
231292 
237654 
211610 
234558 
236202 
243167 
257764 
275125 
223971 
231658 
217761 
229585 
248017 
256460 
255302 
254741 
221318 
234336 
211041 
235962 
235145 
233189 
238961 
238278 
232235 
195677 
226539 
225664 
244707 
232572 
219566 
241607 
236769 
223339 
252977 
236522 
231359 
228981 
225915 
224275 
218023 
257060 
239318 
229510 
235000 
243218 
231140 
242003 
259710 
238623 
249282 
222032 
211223 
248528 
228641 
221254 
222547 
225643 
228215 
244033 
233182 
223438 
231133 
233568 
220451 
222681 
235860 
279955 
234294 
255053 
222730 
247318 
249905 
250995 
212830 
226216 
224407 
222658 
253925 
263457 
255146 
236586 
242198 
252626 
240911 
248576 
236505 
233824 
223191 
230631 
237494 
231911 
238857 
211528 
241087 
234559 
252432 
215629 
223650 
220698 
242776 
241295 
207583 
230193 
254269 
237623 
254701 
235992 
227485 
247185 
228276 
229529 
271707 
262496 
272492 
270275 
237839 
233552 
236977 
259448 
266455 
245703 
270240 
270830 
249094 
207878 
236211 
262423 
251819 
258040 
244243 
255598 
243022 
243704 
265250 
256479 
258484 
247573 
251370 
253028 
245732 
269095 
251301 
236982 
254534 
247856 
254436 
248236 
258385 
254690 
259919 
227465 
235476 
270954 
256675 
242273 
248854 
236903 
237801 
263959 
256125 
253485 
234540 
276452 
248326 
236607 
248409 
300109 
253276 
261197 
241579 
246524 
289071 
261312 
239490 
235064 
240995 
246735 
264099 
271454 
254910 
254337 
252659 
278151 
240234 
250529 
257758 
246883 
249531 
227387 
255513 
255792 
259126 
235598 
253681 
234679 
265004 
248859 
244355 
239279 
269048 
262140 
215752 
242168 
253841 
264110 
266616 
265490 
252135 
260963 
222273 
227740 
256584 
269570 
280968 
256109 
221642 
248446 
230535 
256034 
268883 
248925 
260037 
267383 
248311 
219838 
229812 
249348 
245408 
257473 
247223 
247523 
262887 
239618 
260595 
264309 
261915 
244313 
238692 
257588 
231530 
267721 
234029 
251326 
243674 
253929 
256068 
263881 
257767 
253570 
262937 
260674 
237327 
268823 
249424 
238168 
250750 
243808 
255913 
268972 
236377 
238475 
241852 
273479 
248964 
229466 
251104 
294592 
260276 
267112 
261822 
243088 
272711 
270118 
234209 
246016 
231628 
246138 
273100 
281128 
256518 
264188 
254816 
272839 
245263 
259314 
240047 
239358 
250917 
244125 
261236 
240665 
263956 
235261 
260047 
238830 
272897 
236416 
267474 
241021 
255717 
272053 
221363 
240919 
258976 
264235 
267369 
271366 
256284 
264700 
239429 
227916 
260057 
269153 
280732 
262857 
260926 
250918 
242187 
267546 
273823 
251035 
266728 
255905 
246199 
213777 
232187 
276121 
242702 
270961 
253987 
270091 
257150 
254394 
264719 
261704 
250334 
258606 
250507 
258501 
243835 
276209 
243954 
256977 
262738 
256135 
265579 
270410 
266729 
261177 
264257 
250416 
227065 
270219 
268340 
229852 
285528 
268777 
265906 
271475 
263994 
234930 
255486 
279718 
258692 
259180 
256112 
306613 
260385 
279327 
286404 
261819 
285326 
285351 
237891 
251893 
237511 
240701 
276612 
280346 
274645 
275205 
279455 
280439 
266958 
268118 
269376 
242956 
252957 
250155 
268252 
250532 
284766 
238499 
274691 
262638 
279130 
258539 
264599 
255478 
249492 
270793 
234747 
262776 
269716 
272478 
266971 
271467 
265102 
236683 
219941 
211878 
234440 
229708 
250550 
251628 
220051 
232506 
212068 
213190 
257407 
221791 
257471 
243790 
220709 
191169 
207513 
249645 
220457 
238476 
208736 
240845 
238665 
219457 
229945 
239216 
235350 
229132 
234449 
244392 
226102 
248775 
223312 
243065 
237167 
236895 
228499 
241220 
243449 
233253 
234736 
238993 
211579 
234818 
241410 
224310 
243381 
228634 
233664 
260345 
253521 
221772 
234994 
239723 
250957 
227403 
236677 
267312 
248424 
257992 
251624 
251140 
256231 
242208 
219532 
211179 
248440 
219062 
260490 
248370 
249178 
238810 
248131 
251272 
235231 
246132 
251589 
238964 
232787 
235613 
235656 
214903 
256365 
231023 
250761 
227213 
244974 
224400 
235905 
236513 
233889 
240443 
209390 
228210 
251397 
259378 
263464 
233100 
226492 
273134 
241192 
257117 
278569 
263769 
285663 
288134 
263891 
267064 
234212 
265195 
283961 
269400 
274656 
273103 
274833 
235835 
250092 
273971 
260396 
278915 
238231 
283198 
266365 
254470 
280106 
257660 
268140 
255262 
230376 
282533 
256440 
292335 
265313 
271924 
277501 
278053 
257132 
264554 
279549 
277746 
272716 
265869 
245950 
285654 
263593 
239329 
272451 
259206 
263962 
266197 
279348 
252495 
278532 
278257 
271984 
251454 
259206 
310010 
273294 
300440 
265657 
277665 
294517 
296658 
244752 
244994 
262758 
246040 
307546 
270334 
276724 
278360 
287175 
307234 
246660 
271109 
279514 
277938 
283073 
258215 
273816 
269214 
274193 
262080 
283044 
246208 
281958 
272363 
268224 
251230 
294921 
290053 
231547 
266138 
281711 
292330 
298617 
289414 
269082 
267445 
241079 
237078 
281507 
271863 
295851 
288986 
236013 
248298 
238900 
264538 
265235 
259102 
255326 
266441 
255956 
234900 
248967 
278592 
261104 
265463 
241965 
255726 
264078 
234143 
271882 
248821 
263171 
246772 
248120 
259258 
231032 
275747 
260785 
243675 
255606 
266790 
257175 
278505 
269110 
255028 
266433 
261159 
232423 
276812 
256998 
240774 
259707 
242559 
258860 
280076 
261759 
243627 
266246 
253842 
244778 
247620 
263137 
304572 
243388 
290155 
266134 
265151 
285859 
293023 
230775 
248255 
246177 
238976 
294441 
281276 
273602 
269976 
276641 
280315 
261176 
257621 
271301 
255976 
272241 
263465 
261197 
263260 
273817 
242663 
257072 
262177 
281284 
247338 
245730 
252893 
273024 
260952 
233837 
236943 
256386 
261879 
259471 
277237 
252138 
204604 
204377 
197653 
218124 
212812 
229982 
220185 
211330 
198855 
186503 
206169 
224832 
206753 
206565 
213424 
208173 
174410 
182293 
212513 
206547 
219846 
202216 
207725 
212636 
208738 
216988 
208731 
221830 
205382 
206813 
229471 
186293 
211870 
199708 
214845 
202168 
209896 
220904 
224212 
209807 
197879 
210266 
207371 
181429 
217523 
202728 
199904 
215858 
210550 
212058 
220296 
204761 
180876 
199763 
219871 
199346 
199401 
208276 
234104 
199720 
212008 
209870 
219592 
243205 
220114 
185269 
189479 
208100 
198126 
232105 
213157 
215293 
205217 
214862 
236130 
211726 
210557 
207324 
194943 
199943 
202818 
220066 
206236 
219414 
201424 
227695 
207245 
218226 
209058 
212366 
193117 
205894 
234204 
173268 
200555 
207713 
232938 
223568 
207740 
220425 
244949 
224226 
226904 
247472 
237055 
263224 
249701 
239169 
243746 
220206 
226145 
253288 
236811 
238995 
248697 
226361 
218975 
210665 
250884 
234193 
248198 
222120 
256864 
245648 
229688 
269432 
237280 
237614 
233878 
234726 
268037 
231207 
268474 
225347 
225750 
242739 
232887 
247049 
246614 
254825 
246338 
241276 
246646 
232449 
257649 
234189 
236499 
246657 
235013 
247646 
258852 
238135 
229799 
253894 
227743 
246564 
217753 
238484 
289343 
259220 
262758 
233912 
240303 
261869 
259306 
223775 
218761 
230517 
228461 
262717 
263491 
261931 
251463 
266607 
249288 
242557 
247981 
255125 
228277 
234536 
246418 
235228 
238359 
267163 
218751 
255217 
224006 
261242 
237967 
249710 
231857 
248770 
255766 
209322 
247188 
258622 
246420 
261892 
259924 
241338 
242160 
225388 
234637 
260813 
240716 
264797 
263795 
220899 
236022 
228465 
257192 
252624 
232463 
245511 
245200 
225050 
210791 
220974 
272645 
245057 
247232 
231402 
250535 
238861 
231073 
253452 
231953 
225437 
242016 
224546 
248206 
210888 
252159 
234381 
249109 
244706 
243167 
246124 
244277 
250261 
257407 
244090 
237021 
227350 
264968 
244656 
224982 
255918 
230557 
242951 
251412 
249663 
220232 
229619 
244583 
223079 
253267 
237364 
292368 
242791 
259872 
242514 
262333 
262689 
262581 
239704 
224125 
227609 
209385 
260621 
251691 
255204 
255701 
250228 
259339 
238440 
255214 
263861 
237542 
232249 
230794 
256997 
237894 
267033 
216232 
254577 
234089 
262895 
231951 
240216 
234441 
239385 
262953 
211171 
244435 
244655 
268323 
255439 
248340 
253211 
247993 
214999 
217442 
254876 
251244 
264219 
247638 
228485 
233616 
235148 
247884 
249677 
236996 
244973 
237834 
235803 
199390 
220183 
258407 
230411 
247120 
237303 
233042 
231598 
227533 
266679 
244468 
248281 
225397 
231467 
246794 
221678 
272416 
219304 
247320 
250817 
260898 
249781 
243395 
273635 
250988 
243319 
241186 
234155 
276922 
250946 
209000 
238042 
235359 
241829 
242298 
235773 
222136 
234328 
252892 
236933 
227028 
239323 
285242 
240801 
249099 
241137 
241355 
275354 
258883 
238596 
227999 
226523 
208976 
268470 
268593 
264719 
250811 
270099 
274045 
222479 
230813 
245503 
244759 
229862 
226168 
246429 
238011 
259801 
230270 
242582 
231066 
257987 
222968 
245628 
234306 
255524 
255024 
205972 
235347 
246641 
251792 
270515 
257272 
242574 
264053 
223879 
226349 
261726 
269074 
285248 
259930 
234784 
232305 
251178 
267655 
265935 
235497 
246890 
245341 
232697 
220718 
223310 
267752 
235853 
259180 
217893 
263686 
244445 
242688 
260858 
245959 
258530 
235437 
247706 
275031 
220352 
254704 
236736 
244617 
231340 
254191 
250266 
269998 
259115 
255643 
241410 
254621 
218971 
279597 
242681 
233790 
257301 
245373 
245907 
268122 
269072 
234044 
253346 
264706 
232929 
236097 
244182 
306877 
249032 
265062 
246764 
257414 
279686 
283286 
225975 
235022 
235509 
241619 
267568 
279398 
252004 
238425 
257199 
272858 
241847 
233822 
254107 
239310 
252410 
235953 
238560 
238816 
273746 
232424 
261073 
235769 
263607 
250405 
243764 
246227 
245946 
268694 
224051 
250626 
251074 
256540 
262194 
274364 
237226 
243697 
230886 
235942 
274858 
264075 
267411 
263648 
238039 
246896 
249475 
253869 
273036 
245337 
260391 
265138 
255565 
215433 
219513 
270824 
261371 
268543 
246624 
252401 
255270 
243529 
269453 
251302 
251311 
258375 
234521 
268086 
235290 
269712 
246775 
260229 
264165 
263914 
261840 
263656 
266053 
258055 
269225 
254204 
244045 
267818 
260955 
245501 
264737 
261113 
269995 
265452 
278509 
235677 
243170 
247470 
248058 
265395 
269005 
292570 
255385 
275565 
270560 
276088 
278400 
257518 
227877 
222405 
254710 
230421 
271192 
272200 
276127 
261024 
279294 
271037 
259071 
270302 
272051 
250692 
256052 
256480 
264806 
254292 
266918 
242778 
262418 
257727 
272087 
252370 
268407 
255502 
248877 
273166 
229880 
273221 
280384 
276046 
286930 
266005 
264464 
248394 
223443 
219951 
262701 
257967 
262860 
271545 
234354 
236659 
227601 
244005 
249646 
249542 
250977 
241860 
242081 
210528 
213279 
248060 
238623 
252710 
229675 
261084 
241061 
225957 
254760 
231707 
244907 
245993 
233316 
261095 
231692 
262577 
232226 
256436 
232665 
254308 
251359 
245653 
255693 
274215 
256667 
246240 
238300 
270498 
234559 
230739 
255329 
234621 
248428 
261409 
264518 
244056 
259111 
278707 
245518 
228856 
243448 
307056 
261476 
260453 
250229 
251103 
266092 
263263 
241096 
214324 
220826 
236490 
284065 
261599 
256896 
249255 
244651 
272038 
232432 
236934 
250637 
250923 
235713 
231366 
232492 
236611 
247412 
236574 
251604 
235243 
257433 
243913 
260020 
252517 
251008 
266461 
204983 
253191 
264305 
252000 
269237 
259168 
240492 
242162 
237783 
218306 
267656 
256506 
271572 
256082 
222232 
246781 
240017 
236878 
279778 
235869 
266628 
273237 
247917 
215625 
226943 
251036 
253499 
246944 
224428 
258189 
251111 
239795 
254667 
244737 
241655 
238434 
243278 
252044 
236564 
262876 
241613 
246073 
247355 
249962 
248502 
254866 
260027 
245434 
265840 
235027 
223843 
265617 
240586 
234767 
252188 
241468 
255599 
264196 
262240 
228064 
246722 
246213 
249860 
240566 
241460 
277000 
242101 
278106 
250659 
257231 
260782 
251251 
223970 
216309 
247623 
232656 
268975 
262003 
266040 
243446 
260881 
266859 
248216 
263329 
257191 
243282 
254965 
246178 
248481 
263244 
249753 
222084 
263920 
243272 
267988 
226530 
230972 
236789 
239242 
241136 
217039 
245113 
272144 
261772 
270376 
258829 
232919 
231572 
218642 
225759 
257910 
252779 
257342 
260054 
255321 
243739 
213897 
245370 
262856 
231690 
243607 
248331 
247949 
209822 
235347 
255599 
240445 
259750 
233619 
250973 
254039 
230994 
258082 
258959 
250614 
244886 
238745 
269251 
247196 
248286 
236549 
228774 
247451 
251764 
240456 
255636 
249233 
242246 
232573 
229600 
222064 
269005 
248735 
233777 
230741 
241753 
250493 
254622 
246816 
240959 
243436 
256791 
257756 
233696 
248118 
292040 
249239 
260807 
254664 
246624 
274784 
245384 
212376 
234314 
236269 
243431 
260821 
267605 
255540 
252581 
258668 
258093 
249413 
248283 
251841 
255868 
246854 
228796 
244030 
237186 
261709 
239920 
247948 
238921 
257164 
242345 
244541 
232187 
245539 
247403 
220873 
233551 
256290 
250675 
268607 
259589 
231228 
255994 
247542 
237322 
276850 
280359 
283290 
278909 
241654 
256572 
234233 
262705 
278400 
249155 
263271 
275442 
248794 
230415 
242192 
267834 
253610 
251549 
251488 
254998 
269493 
250990 
267863 
260949 
255804 
246340 
250910 
273175 
239445 
262155 
250653 
251736 
260543 
254765 
253628 
276011 
265171 
266070 
270760 
254953 
226752 
284349 
264444 
241025 
270211 
258553 
280414 
289531 
265787 
248808 
247764 
274797 
246148 
249499 
254840 
299333 
265880 
271882 
267058 
276552 
287045 
278579 
234094 
246113 
258236 
261454 
290177 
271140 
263906 
262337 
269602 
276042 
262075 
276561 
274305 
257939 
262096 
248911 
263241 
254511 
280908 
252247 
281705 
250565 
264498 
262535 
246783 
257963 
257281 
268145 
227380 
250042 
270580 
285697 
274009 
272064 
264495 
234290 
213412 
204543 
261333 
248529 
261024 
247552 
221877 
234532 
226491 
253763 
252080 
234327 
255288 
242781 
244210 
203745 
243572 
244192 
240501 
240994 
237838 
240902 
261425 
234829 
248989 
220360 
241444 
213511 
227010 
241033 
239223 
254877 
240818 
234789 
223035 
234431 
250337 
259845 
253215 
226113 
237549 
232771 
219591 
262675 
242830 
227088 
243366 
244037 
243414 
253880 
242410 
238638 
246949 
250044 
239141 
224699 
234410 
287770 
253771 
255862 
251320 
267489 
273649 
260728 
215965 
214572 
236485 
230775 
265104 
254222 
253816 
255663 
267191 
267198 
241933 
239044 
235135 
239212 
238768 
249325 
234673 
237190 
257825 
232864 
251476 
239753 
256133 
230393 
231548 
247218 
251432 
258682 
222204 
218287 
264046 
248095 
241104 
240063 
241749 
263570 
244217 
240795 
273011 
257534 
283909 
274276 
258300 
245725 
240584 
252314 
259453 
250145 
256309 
265308 
250696 
214987 
228798 
258814 
227272 
250680 
255674 
266472 
269426 
262457 
261415 
246248 
260443 
262216 
235992 
278211 
247883 
275350 
239264 
255054 
265333 
255917 
263188 
264371 
261552 
253027 
269613 
250312 
248600 
280141 
250331 
230397 
255474 
247868 
241512 
258343 
269037 
241648 
263819 
254261 
268245 
248777 
244583 
300089 
273297 
282895 
252184 
268688 
289488 
273776 
232316 
240141 
230009 
236261 
290831 
286903 
272650 
261423 
280289 
268393 
256747 
257215 
273386 
257571 
247636 
253960 
259516 
257796 
279386 
252703 
277870 
243477 
262412 
253569 
268474 
258244 
260238 
277410 
218500 
258785 
259642 
271228 
290422 
264997 
270644 
260607 
251542 
237463 
259361 
260973 
280430 
264935 
253009 
247403 
233036 
250805 
254545 
242472 
248657 
242472 
230518 
236882 
232212 
267619 
238691 
255457 
240751 
267242 
248770 
248905 
270475 
246985 
230417 
239492 
246301 
268938 
231244 
275365 
231070 
256416 
246196 
247957 
262715 
281605 
255332 
256991 
249233 
238754 
242452 
267585 
230708 
234997 
244464 
248520 
255300 
277428 
254445 
215466 
248460 
252770 
233969 
247608 
237722 
305997 
262781 
265672 
258598 
256979 
275741 
273005 
247002 
240143 
227886 
246813 
271378 
272577 
260017 
257011 
257079 
257051 
266619 
254771 
255675 
220294 
227985 
242144 
246253 
244985 
277880 
240463 
273342 
230891 
263733 
245662 
252779 
257009 
232875 
272776 
211889 
248534 
264676 
254224 
264286 
248547 
253563 
259073 
224802 
235215 
271377 
263408 
280143 
254228 
240919 
249445 
247235 
263396 
268588 
235349 
251153 
260353 
233522 
217146 
247255 
268290 
266908 
275563 
248856 
262589 
266064 
246846 
265995 
253802 
251376 
240825 
244100 
265816 
227805 
274093 
241111 
255119 
268602 
264062 
259309 
257675 
265797 
262157 
263128 
252259 
239987 
273083 
262596 
249985 
256599 
252767 
255083 
256068 
277334 
236864 
265729 
278483 
266346 
242950 
252003 
300656 
266638 
270524 
254189 
272505 
279685 
284654 
233868 
246228 
229278 
245083 
285658 
281836 
272654 
275128 
265350 
271091 
254964 
272853 
273387 
246754 
262447 
261528 
263734 
241649 
268439 
243641 
276164 
258029 
279326 
254666 
258359 
249993 
269415 
280617 
230261 
250708 
261207 
274571 
255931 
272080 
261757 
271736 
237402 
230438 
282281 
251908 
283672 
264702 
257289 
239953 
257997 
252216 
261310 
236845 
257010 
271206 
249014 
204325 
233909 
274856 
247827 
274363 
230423 
259879 
270541 
256640 
268347 
260541 
266805 
259328 
253596 
258324 
240674 
250354 
259751 
256694 
246495 
265751 
262709 
260119 
273224 
266169 
254766 
261389 
238020 
275629 
248480 
246961 
242935 
238406 
263389 
282396 
263135 
257310 
255958 
252619 
258842 
252098 
259474 
316014 
274111 
291422 
244130 
255890 
286805 
277309 
226190 
239379 
249554 
246292 
278963 
279403 
278178 
267247 
264334 
279357 
258818 
259332 
268715 
254885 
241782 
266924 
263885 
239061 
271304 
256595 
265993 
271821 
287075 
252362 
251859 
270298 
253516 
267379 
222476 
256943 
263863 
252429 
269338 
272753 
259887 
245789 
226529 
219929 
254093 
233293 
271469 
253777 
219952 
213722 
225638 
246499 
252064 
227694 
232070 
244334 
220201 
224701 
229259 
244589 
232149 
242260 
216326 
257670 
250612 
208560 
240844 
222573 
234727 
238628 
230707 
247761 
223507 
249902 
246540 
221549 
229117 
242647 
234448 
244848 
265978 
234469 
247749 
226660 
216442 
259664 
237256 
217724 
253915 
226855 
248881 
264051 
254023 
229687 
251054 
242486 
238576 
233477 
241931 
276656 
234973 
259696 
236641 
239129 
251229 
262508 
204950 
221108 
229392 
236686 
267095 
255346 
238332 
245950 
253284 
266522 
222571 
237515 
257106 
231355 
244750 
231361 
219473 
241116 
261894 
221944 
247604 
228089 
248434 
230751 
238928 
232268 
233855 
253736 
214124 
240325 
249028 
250961 
256407 
265383 
232715 
246972 
219030 
229772 
237876 
246115 
255365 
245514 
230441 
239099 
216882 
253193 
264007 
227934 
243525 
238788 
240457 
223125 
234382 
243111 
233938 
243760 
244205 
267410 
252963 
237164 
256712 
227892 
237269 
229377 
225925 
237707 
239651 
259135 
225010 
244388 
244761 
241426 
262205 
258635 
253653 
247284 
249401 
237969 
231013 
262440 
248506 
235755 
248605 
236090 
248182 
246243 
244894 
212645 
262775 
250008 
235078 
231041 
237515 
284866 
233277 
269530 
255066 
250136 
262545 
260582 
224567 
219973 
242121 
230302 
264618 
235446 
249093 
269206 
234759 
271475 
236923 
253978 
264802 
236373 
240711 
239473 
250510 
238981 
257232 
244099 
252842 
224137 
262701 
242875 
254100 
238586 
239082 
269144 
207245 
246263 
247446 
242545 
262732 
261052 
232393 
226211 
212036 
212770 
227815 
243949 
255618 
230979 
216758 
220444 
222761 
236647 
255839 
230538 
218744 
227735 
219351 
212194 
199084 
243719 
224480 
239142 
221876 
234984 
240625 
221171 
247170 
230268 
231361 
232088 
207759 
246995 
211752 
257635 
216515 
228182 
234349 
238744 
237537 
238706 
240622 
225485 
249572 
230968 
211747 
255117 
229834 
205126 
245403 
222478 
242274 
242094 
236519 
217206 
224470 
248086 
224527 
227754 
225818 
264529 
229179 
257900 
240339 
236818 
259087 
248472 
209364 
216881 
217403 
212101 
262240 
255910 
231266 
237676 
244981 
255245 
229755 
229267 
235069 
217767 
244863 
221535 
233688 
232119 
252275 
199233 
222752 
216500 
240316 
223982 
236589 
209046 
239345 
249264 
197285 
214405 
234791 
229390 
244376 
245067 
230149 
251066 
208608 
232894 
252250 
243413 
262330 
251064 
234151 
227629 
221472 
246617 
250049 
235585 
246980 
236000 
246180 
196504 
229157 
246695 
224289 
250289 
214237 
242354 
239783 
232899 
249646 
248142 
250417 
247711 
229909 
256127 
225803 
259004 
248574 
243497 
251810 
247454 
243634 
254869 
254223 
251649 
242915 
219930 
219331 
263015 
227381 
217324 
241778 
253597 
233284 
240370 
252557 
222499 
236305 
265111 
253775 
237272 
245607 
285654 
230272 
261549 
231712 
257639 
267377 
267583 
212497 
239842 
237423 
221929 
255992 
257121 
245125 
240589 
257434 
263424 
219899 
238468 
247969 
240444 
242055 
233919 
249965 
231129 
248790 
222854 
246924 
241406 
274086 
238076 
244000 
219905 
246137 
266950 
224486 
248260 
242668 
263435 
260448 
253763 
240441 
230998 
223358 
235516 
248950 
250086 
251044 
256476 
221051 
225483 
218835 
246758 
248603 
226710 
232187 
225425 
211582 
207422 
217493 
238855 
237474 
237610 
219325 
250903 
227784 
199636 
230387 
221579 
226498 
214302 
229155 
238625 
195818 
258318 
226124 
234550 
224363 
242819 
238152 
245411 
251108 
267688 
245991 
231321 
207925 
266888 
231246 
214458 
244859 
243072 
252549 
247770 
255291 
219271 
220589 
256804 
230612 
215717 
227532 
292346 
238642 
250590 
238883 
256958 
240428 
258710 
223096 
219369 
209679 
225677 
267528 
261124 
252689 
229572 
245729 
243747 
224947 
221835 
249991 
222503 
233266 
234302 
221435 
223973 
238093 
215532 
232419 
213358 
252072 
228010 
227958 
235472 
223273 
246154 
217351 
231033 
255426 
260282 
261216 
251790 
234417 
259478 
218993 
205864 
253603 
262082 
262987 
256112 
236162 
245155 
224944 
251508 
239167 
233849 
251906 
240897 
251862 
211484 
233363 
250646 
236613 
248045 
222879 
246729 
234142 
230737 
257663 
242522 
252437 
225772 
238819 
236335 
215752 
262325 
253709 
260003 
258294 
256771 
237306 
244209 
249679 
259592 
262468 
235718 
217862 
268710 
248775 
215325 
250994 
239818 
265691 
262235 
255161 
224302 
242896 
267761 
232911 
229741 
242493 
283815 
234321 
255697 
244266 
269042 
263222 
281625 
227361 
221869 
242956 
224677 
279406 
269522 
271039 
246966 
257878 
266430 
246423 
235415 
247727 
243241 
232884 
245487 
242077 
246283 
248711 
237283 
248130 
241265 
261963 
237437 
237533 
243475 
249311 
252736 
214167 
242589 
261928 
270175 
262600 
265831 
244245 
220149 
205143 
219930 
231393 
233443 
232795 
250534 
207596 
218568 
201464 
233811 
227526 
232069 
229954 
226247 
223998 
198652 
212806 
218840 
231430 
231678 
210528 
242589 
237097 
201978 
236783 
219512 
218339 
226215 
216553 
243269 
200508 
250887 
215674 
230181 
210321 
223369 
225311 
244227 
246849 
239121 
244457 
220773 
204476 
242783 
220777 
217118 
237162 
221456 
230435 
234678 
220126 
211517 
224627 
215237 
212793 
205880 
218440 
269262 
232637 
241175 
237243 
237128 
254386 
243328 
211295 
208260 
205124 
211949 
252614 
242882 
239385 
236575 
230455 
255186 
231403 
224376 
219859 
217753 
211592 
223425 
219243 
217701 
228530 
206118 
226443 
214535 
244047 
227336 
221834 
204685 
224519 
233581 
201201 
218069 
232525 
227331 
232525 
237694 
212224 
234212 
219335 
204251 
251692 
245702 
251808 
245398 
219427 
223105 
221192 
252858 
246762 
234125 
240248 
242614 
233602 
202987 
211479 
245963 
224120 
232267 
201049 
235346 
222897 
214631 
249121 
224451 
227296 
221850 
221854 
233492 
210142 
246564 
239902 
227256 
201409 
246754 
225188 
233867 
224693 
235138 
238717 
245705 
214432 
232020 
227554 
210380 
231889 
232728 
242650 
235365 
226663 
213063 
236781 
234062 
220923 
227104 
242887 
265382 
248295 
248177 
238402 
242348 
246415 
254636 
222343 
205467 
218907 
219730 
248577 
250069 
236098 
236298 
224578 
251420 
235044 
235318 
233011 
242246 
230871 
224139 
220948 
230716 
244541 
218864 
233942 
239859 
245564 
214182 
245473 
229233 
234924 
246492 
191764 
244309 
238440 
252454 
255066 
263977 
236332 
229851 
220822 
219181 
223622 
234105 
238757 
253488 
238223 
225096 
201749 
226693 
233429 
223721 
220702 
226925 
231171 
202371 
215497 
229476 
199774 
244218 
225151 
240114 
208917 
214377 
248198 
225483 
224245 
216166 
219050 
249860 
219258 
243242 
215175 
230876 
212843 
220041 
227652 
226264 
253587 
227401 
219812 
218549 
222965 
225482 
229907 
221314 
235459 
210133 
213124 
237647 
217080 
210658 
235661 
221450 
223678 
217718 
222240 
260994 
243177 
236503 
226449 
230582 
251194 
245095 
223427 
213269 
212916 
232376 
255582 
248214 
228993 
235957 
238063 
238226 
218221 
228486 
239722 
215628 
215777 
210310 
213299 
232993 
245835 
225505 
236948 
220858 
231402 
222310 
233414 
235102 
226526 
229427 
194966 
228559 
223727 
223147 
255718 
231817 
221570 
253796 
237253 
239008 
246854 
250010 
255967 
249490 
237858 
238572 
231962 
250995 
246228 
231583 
246538 
254458 
267789 
224797 
228408 
260886 
236983 
255166 
232155 
273738 
247416 
235161 
255849 
244726 
257607 
240503 
243566 
256360 
232489 
264047 
248263 
252741 
245612 
251653 
246164 
250229 
265783 
251824 
253745 
235395 
238290 
283113 
254335 
235666 
258428 
240231 
262061 
255606 
258553 
228971 
265575 
237898 
250120 
226081 
230750 
283047 
239679 
281366 
242620 
250050 
260953 
271200 
237127 
230642 
249114 
224240 
293072 
240416 
250540 
272299 
261509 
279047 
242601 
249717 
267555 
254714 
248846 
244069 
255464 
252225 
265518 
244705 
259217 
242023 
272347 
235995 
250326 
241131 
246203 
269553 
211020 
255357 
253384 
264450 
270428 
262132 
234102 
247826 
220993 
210408 
255354 
245167 
275887 
251131 
235295 
236727 
227283 
256972 
256492 
232887 
254245 
252965 
234003 
208101 
222683 
259443 
231573 
250143 
242345 
247594 
234007 
230758 
255638 
226015 
245178 
236859 
228624 
243320 
235048 
259423 
237461 
228798 
240116 
245105 
250409 
253846 
257332 
239724 
248671 
223264 
225488 
244205 
250555 
244674 
253340 
242696 
237704 
252335 
253605 
243976 
253222 
256453 
243243 
256468 
238524 
286422 
254433 
252072 
246366 
261951 
256183 
245035 
228168 
219329 
229056 
241992 
272209 
253443 
254842 
256372 
250106 
255785 
259513 
254475 
257034 
242886 
253352 
229437 
242509 
235823 
259810 
223853 
243767 
238509 
254640 
234435 
264693 
247820 
242335 
254592 
230872 
247313 
258829 
244288 
254092 
253382 
243526 
243759 
213632 
217663 
240269 
245217 
257904 
251488 
217822 
231920 
216942 
237832 
266391 
240408 
251143 
257847 
238983 
207887 
221867 
242924 
224543 
245636 
236499 
242746 
243380 
228795 
238575 
235629 
244840 
245591 
230021 
256930 
234202 
268768 
235208 
242807 
246210 
246080 
239368 
246018 
255059 
247438 
259515 
239580 
225634 
259288 
248318 
226606 
260755 
243251 
260450 
256305 
249702 
226395 
235463 
243716 
249892 
247454 
241308 
282315 
252613 
268270 
258980 
259745 
263433 
250832 
229332 
223162 
245242 
234168 
260686 
259566 
254405 
250402 
255490 
263475 
247161 
240417 
256480 
246687 
252027 
253675 
240523 
234893 
260473 
235851 
246465 
241578 
270378 
245237 
244541 
240457 
254321 
245585 
212907 
244779 
251935 
247505 
253600 
255982 
249453 
264796 
248931 
250332 
261499 
259067 
290003 
272070 
226952 
259389 
236846 
266991 
245533 
243544 
270151 
252501 
267667 
222781 
246375 
259790 
251750 
262638 
237789 
250666 
251871 
224028 
250924 
263349 
256785 
249975 
236898 
262601 
224751 
272076 
252437 
250161 
230891 
265144 
260413 
269025 
263638 
249814 
257438 
253908 
210786 
287023 
240951 
253690 
256422 
262729 
250877 
271899 
256545 
243336 
261671 
274092 
226747 
238729 
247817 
313406 
245232 
265165 
255214 
254507 
281716 
289218 
242088 
244061 
242268 
240254 
291930 
274998 
259494 
272340 
270227 
280310 
253986 
249986 
246021 
250613 
251162 
245224 
258416 
251332 
269938 
238550 
264384 
253434 
270929 
242097 
254594 
225575 
263351 
273099 
236554 
240423 
279960 
269189 
259606 
261687 
248286 
245992 
217653 
222113 
246239 
250544 
271338 
262051 
215480 
238546 
214504 
225878 
250019 
225405 
246141 
242729 
215128 
194795 
214889 
244352 
232672 
244088 
216923 
235628 
231246 
220903 
232032 
231296 
223887 
227918 
222607 
233385 
208230 
250159 
220365 
224966 
238631 
236832 
232785 
251727 
255371 
244980 
235793 
234213 
206341 
251709 
237409 
223137 
225425 
248633 
237872 
252523 
235302 
228410 
226225 
258536 
225851 
227803 
240309 
294302 
233387 
256483 
239777 
241441 
263574 
255968 
219338 
220615 
224827 
221404 
249527 
263587 
250148 
230577 
245769 
239444 
233012 
253992 
252093 
222968 
234714 
230093 
233340 
221781 
253143 
219261 
245311 
217940 
248617 
233475 
249401 
226181 
232041 
251735 
213779 
228510 
249410 
252037 
237790 
255201 
232214 
228594 
198937 
217326 
237908 
219361 
246520 
244485 
217243 
226065 
196817 
234592 
234112 
222077 
222885 
221449 
214354 
192521 
215403 
240761 
205766 
235399 
212868 
234799 
239124 
220572 
235159 
221242 
229039 
238406 
223529 
243657 
227174 
233191 
214511 
222623 
233889 
216184 
214910 
226675 
230298 
231246 
222083 
226232 
205469 
237120 
224461 
209126 
238556 
210264 
210529 
243265 
241967 
227773 
235696 
258628 
231705 
221397 
233690 
277466 
239510 
240883 
217881 
241451 
254424 
249358 
200321 
215538 
211956 
226139 
240045 
243360 
237561 
240235 
235988 
259280 
217309 
237039 
244289 
230179 
230167 
210297 
224545 
212758 
249265 
230629 
236791 
218813 
240920 
223152 
239988 
232141 
230978 
254673 
203216 
233210 
230247 
238105 
243729 
224941 
229353 
237284 
237490 
231619 
253308 
253134 
263093 
265822 
255222 
232090 
232744 
243267 
269503 
231326 
248370 
250496 
239086 
213441 
222748 
261842 
228329 
259685 
243321 
243597 
241690 
240271 
257864 
262158 
254853 
250420 
237434 
253247 
250027 
271543 
238412 
237224 
249631 
245218 
250617 
249629 
266329 
252348 
260939 
229020 
224685 
258042 
257305 
228687 
238850 
234096 
254109 
264307 
266201 
233853 
230128 
266133 
258915 
258103 
229615 
291672 
257671 
265770 
251417 
247703 
271280 
246405 
220693 
231471 
226286 
247000 
259666 
268352 
251476 
250165 
264361 
264884 
254913 
248327 
270381 
242894 
254778 
231997 
260484 
236960 
247630 
234420 
252538 
253623 
264365 
234333 
244676 
239113 
249543 
268075 
199049 
243149 
263066 
265436 
270763 
241554 
261083 
266225 
233096 
229327 
257677 
271014 
273600 
269312 
244200 
254850 
238554 
257389 
258911 
243953 
251781 
263074 
242662 
212791 
246876 
268842 
247534 
267239 
234215 
241264 
258561 
217077 
246672 
248029 
251729 
249596 
246003 
262243 
247534 
276106 
244476 
248280 
250294 
263121 
270966 
276282 
261705 
252464 
249917 
242392 
241143 
284023 
269840 
238133 
233959 
240706 
252356 
267975 
265513 
257044 
241289 
274904 
257375 
242249 
252297 
307023 
253801 
263671 
251879 
254657 
282713 
257817 
243907 
234502 
231678 
244558 
268937 
261681 
270023 
252597 
272809 
275693 
238728 
260177 
263305 
252826 
257560 
248929 
249289 
240212 
266720 
240201 
245017 
244839 
267005 
251592 
250875 
249531 
265290 
261296 
234525 
238909 
257818 
258489 
270303 
269515 
241196 
224153 
190142 
171719 
228525 
230123 
217678 
225746 
195508 
199781 
206024 
225728 
217124 
205952 
221499 
217985 
187527 
186386 
187280 
219846 
211110 
216727 
189737 
211179 
202589 
205315 
214873 
209044 
211411 
200011 
210555 
211560 
178948 
230199 
218078 
226018 
212760 
222629 
208984 
215148 
213710 
202238 
216591 
207595 
192070 
228936 
206863 
203334 
197968 
208118 
202013 
222304 
238329 
207329 
209715 
231561 
199962 
206767 
214353 
244792 
212039 
225319 
212470 
218025 
226391 
230774 
191151 
193538 
198651 
197106 
222432 
242834 
218926 
222903 
232187 
235141 
214867 
212479 
210998 
212480 
214411 
216140 
225218 
195791 
210094 
198220 
217711 
195969 
218769 
201035 
211603 
204385 
202208 
244809 
187477 
217591 
225540 
234980 
236819 
236047 
226987 
235831 
222926 
223701 
249556 
240958 
251457 
260556 
242375 
243150 
220825 
233486 
259823 
240664 
243492 
243891 
226401 
214933 
217195 
256487 
234732 
242586 
233855 
259086 
234846 
235207 
256113 
219385 
234829 
234185 
224223 
254490 
241804 
265394 
222805 
244446 
226560 
235623 
246467 
241892 
256720 
239944 
245868 
221830 
218910 
242940 
243756 
233048 
246215 
225048 
243126 
249214 
244663 
223243 
254438 
249986 
232276 
232043 
221512 
291656 
252610 
252021 
248007 
247930 
255161 
256911 
230552 
204586 
225945 
236648 
261699 
251907 
257253 
245536 
249262 
251316 
242835 
244410 
266960 
235087 
242660 
229160 
245309 
222546 
270111 
223159 
240609 
227063 
253798 
234228 
232599 
246465 
239276 
249689 
205591 
231774 
253780 
253263 
256473 
244841 
250893 
276390 
245930 
238571 
283655 
271195 
297399 
275542 
269438 
266222 
243809 
273062 
268767 
260717 
277467 
276507 
275811 
222076 
258382 
271426 
258139 
275887 
266704 
278430 
275520 
266598 
300411 
279729 
276341 
255314 
248772 
267991 
255907 
289386 
283042 
265030 
280638 
271139 
253591 
287689 
272509 
282687 
273671 
256785 
260850 
294487 
266083 
247898 
258133 
269147 
288450 
294251 
272498 
257238 
265950 
269989 
267780 
272623 
254838 
332213 
282208 
300236 
278530 
262281 
301510 
294212 
249176 
254237 
257570 
259899 
303863 
300158 
286248 
292218 
295598 
295050 
273626 
266797 
272270 
270456 
280637 
276385 
262489 
261663 
287053 
257303 
280462 
266384 
286152 
264553 
264458 
267214 
276927 
275399 
239943 
256044 
285427 
279457 
270211 
287782 
269032 
280937 
248286 
246444 
270514 
271521 
294518 
272178 
259067 
270073 
270652 
273949 
283301 
256108 
274139 
280760 
270695 
232183 
245775 
295697 
257946 
284965 
241166 
279119 
270535 
258855 
271731 
280175 
276724 
257998 
247391 
287288 
247356 
288886 
273562 
271090 
281648 
278455 
266007 
277696 
281971 
289412 
278584 
270876 
258963 
297977 
266653 
260559 
283188 
278338 
278519 
278963 
288292 
259680 
279214 
288997 
274338 
263024 
266225 
323312 
277292 
293946 
266184 
270982 
297244 
304677 
255853 
250479 
280105 
256825 
304721 
288064 
286055 
276287 
291090 
297763 
269875 
282982 
278973 
268725 
293157 
265104 
275590 
272830 
289984 
257958 
282568 
265209 
301190 
264678 
263817 
265482 
282073 
297100 
252205 
268638 
289868 
286769 
275942 
287100 
263959 
271589 
256045 
240469 
279888 
271138 
291917 
294245 
249666 
260961 
259477 
290881 
280277 
253539 
280043 
277351 
254848 
235689 
243053 
276287 
264574 
269778 
251798 
289956 
265697 
245230 
290199 
255299 
256953 
261783 
267038 
278725 
238976 
289850 
274436 
271614 
269100 
271956 
270052 
279421 
281665 
282512 
274494 
256635 
258891 
291900 
263215 
253351 
273641 
260925 
251911 
275724 
283206 
266284 
268519 
280324 
270306 
254211 
259369 
317022 
280256 
293220 
270389 
278496 
277121 
297445 
246375 
253159 
243346 
244187 
299353 
294905 
277043 
279499 
293246 
286882 
263090 
266413 
270138 
277853 
271584 
259260 
290845 
270244 
283236 
239046 
277867 
245365 
294414 
254202 
283265 
258091 
273295 
297475 
230995 
271971 
276812 
286945 
309609 
294189 
277995 
233834 
189651 
216657 
225390 
240387 
255176 
232118 
232071 
227777 
207454 
249382 
243188 
215209 
224378 
224972 
228306 
185232 
221583 
249338 
223740 
241856 
209365 
235878 
240529 
216357 
236862 
225735 
226477 
217063 
227598 
242954 
213391 
243386 
229357 
227233 
230714 
218789 
223142 
239697 
242058 
237220 
225613 
234900 
218000 
242449 
237492 
216835 
235564 
238826 
231785 
234258 
239606 
222633 
234320 
242958 
230319 
229947 
234764 
283366 
222642 
249668 
231659 
239235 
255771 
254871 
218127 
227435 
219276 
219782 
242142 
246602 
253766 
235923 
244512 
249522 
230288 
248285 
243251 
222964 
238621 
207272 
235247 
227079 
255973 
210405 
233178 
209038 
248124 
224589 
236562 
227587 
226598 
251470 
207158 
242256 
231845 
247138 
240867 
251725 
228974 
258787 
225744 
223846 
255504 
264522 
283638 
267663 
242288 
250011 
248444 
264301 
266181 
259993 
268048 
262373 
255730 
224257 
242313 
260309 
256157 
267881 
240248 
271014 
254381 
237857 
279597 
246192 
248135 
240634 
250244 
259005 
249349 
271434 
256331 
250627 
245153 
262347 
253993 
257031 
262904 
270130 
262788 
245096 
245635 
265587 
258451 
245686 
255152 
244820 
252715 
243252 
267068 
241322 
267090 
257113 
242924 
249126 
246538 
288878 
248236 
270640 
249851 
280656 
277936 
277655 
242408 
240123 
254031 
240872 
278200 
265855 
259663 
252866 
265339 
289370 
254009 
271787 
270969 
244182 
264764 
242043 
263431 
244585 
254800 
239639 
262731 
239606 
253744 
243669 
255789 
238595 
245411 
276142 
227574 
252958 
256884 
270924 
264735 
266122 
237802 
267457 
249005 
247847 
274736 
262217 
284122 
279633 
253443 
258003 
237856 
246848 
272686 
250108 
277113 
271791 
249009 
216084 
234212 
258352 
253209 
286147 
260506 
264237 
255046 
245642 
266282 
269864 
259283 
252503 
257124 
265627 
244452 
267747 
259130 
260616 
260982 
244981 
253791 
253472 
258181 
274731 
259970 
255974 
244985 
272542 
259397 
262265 
267451 
249791 
258558 
285479 
266388 
251065 
248250 
267985 
263336 
260117 
251624 
315271 
274133 
266816 
272290 
264305 
266095 
275569 
250254 
258378 
249184 
263723 
284011 
274604 
273939 
286776 
262280 
275246 
259973 
279101 
285157 
257596 
259555 
247766 
276585 
247691 
274029 
264869 
288005 
243327 
272765 
250707 
270411 
249037 
267981 
265561 
223392 
256057 
270891 
282529 
270111 
272342 
258256 
250944 
220503 
210397 
264537 
262797 
270422 
262625 
225879 
238522 
225590 
246026 
266964 
221045 
261268 
257196 
245643 
213222 
216661 
259534 
266082 
267091 
238848 
254812 
244079 
234684 
257862 
255719 
261897 
236636 
248583 
243202 
236180 
254489 
244878 
240325 
260172 
252906 
243579 
254783 
238389 
262150 
258344 
237173 
237456 
269614 
246749 
242866 
247368 
237409 
249932 
259232 
269127 
250119 
239360 
257980 
248819 
221118 
242393 
304050 
251787 
266363 
251172 
263256 
266836 
261872 
240179 
224867 
246627 
239128 
274546 
269643 
266536 
257126 
251417 
263047 
243863 
255290 
263854 
248168 
257315 
230740 
239575 
244358 
253608 
240362 
266409 
230003 
257839 
245780 
258487 
243663 
254786 
254700 
229020 
253506 
257913 
270329 
266948 
251717 
232108 
232776 
227236 
211136 
258345 
254726 
256371 
242585 
240361 
225254 
225923 
237934 
250970 
227127 
249787 
241491 
229424 
177030 
218417 
229837 
229482 
244511 
233242 
238805 
233299 
240744 
258528 
235719 
224761 
224572 
222340 
228185 
224838 
244426 
235980 
242444 
234717 
252920 
243369 
244185 
238365 
238512 
236506 
225571 
229494 
243054 
230769 
220524 
227539 
237926 
221678 
239614 
253947 
216737 
240644 
252469 
233657 
232683 
233505 
271610 
252893 
251876 
245510 
253282 
259969 
248941 
209371 
216033 
227181 
228542 
255874 
255445 
253750 
240077 
247210 
259808 
251592 
239810 
240226 
236767 
221733 
229660 
249068 
224750 
244827 
234700 
253471 
250496 
253240 
221666 
259486 
218015 
250462 
260374 
192565 
235438 
241969 
257159 
260839 
245177 
258261 
263678 
242854 
227418 
268189 
262907 
287978 
286092 
253724 
252048 
251451 
265507 
265948 
254873 
265697 
268578 
233221 
220980 
227883 
266787 
251860 
260362 
246613 
264562 
252012 
248517 
270584 
250322 
257427 
244096 
244783 
261498 
226076 
291415 
259608 
257215 
259586 
273221 
254304 
280743 
263311 
266336 
253593 
260709 
247835 
284944 
257450 
231696 
243826 
275195 
265101 
263250 
255089 
237218 
254025 
279613 
245341 
256990 
263506 
320559 
252622 
285981 
251146 
261506 
281340 
271447 
242410 
232493 
251152 
238004 
274838 
280962 
269896 
253976 
278841 
281858 
248817 
260320 
270359 
264486 
260339 
251525 
266595 
244630 
276479 
241647 
255308 
242584 
266290 
234271 
270620 
250444 
247393 
300944 
221853 
268064 
259668 
288820 
282374 
294890 
258294 
216996 
214158 
190610 
220659 
217985 
228922 
227666 
205580 
199367 
208844 
220655 
239453 
214957 
226252 
232546 
203763 
198282 
206507 
222423 
215303 
203478 
212518 
218378 
221970 
210144 
218485 
209295 
208381 
213949 
217114 
224496 
195850 
232989 
214817 
204856 
219269 
214499 
219821 
230203 
228042 
202530 
230742 
208648 
200002 
233749 
223619 
211312 
226925 
211639 
225495 
235116 
208147 
193142 
200912 
216845 
211298 
218829 
206447 
250493 
218230 
234337 
234795 
229622 
233252 
228970 
202691 
194796 
204298 
206759 
231220 
241453 
223567 
226636 
243509 
235847 
220621 
225116 
217861 
201039 
203033 
215279 
227437 
226292 
230311 
197393 
232100 
222088 
230923 
204112 
228243 
225622 
208374 
241156 
178660 
209760 
222119 
235031 
230212 
221795 
228487 
245330 
241563 
238831 
256165 
262290 
266879 
263315 
240113 
249584 
223871 
250494 
259066 
249449 
272700 
253260 
251829 
193501 
230962 
264211 
239525 
260573 
245189 
267443 
234542 
238025 
268439 
260819 
239364 
232663 
240439 
260196 
231126 
261283 
238937 
241083 
242173 
237853 
241120 
252231 
279188 
260034 
234578 
242724 
226742 
270606 
258475 
235614 
261096 
261780 
255632 
256631 
250818 
242128 
244599 
250814 
241312 
241747 
245584 
302242 
250844 
272839 
263160 
253542 
275633 
271387 
218737 
235645 
235558 
238667 
270552 
266630 
249560 
253528 
259202 
265438 
238055 
250289 
262629 
248892 
233772 
239365 
248216 
249953 
273523 
230131 
253756 
239808 
272036 
252567 
261172 
245962 
258462 
254802 
235905 
254657 
274941 
254109 
258644 
256931 
237798 
247834 
235576 
223829 
252395 
244313 
267611 
256601 
236185 
236785 
229692 
258622 
253480 
242896 
245528 
247147 
231144 
208148 
215487 
248745 
248885 
258946 
231454 
247714 
232012 
212532 
271646 
226599 
251585 
251225 
233345 
263648 
237059 
257612 
227534 
233497 
236485 
257526 
244146 
248854 
249723 
253720 
255587 
243818 
231703 
249788 
246431 
235249 
254153 
240388 
244759 
267332 
249283 
233896 
244302 
259246 
225424 
235459 
240561 
279847 
255947 
241922 
248620 
270075 
260915 
260063 
220179 
213577 
232839 
242354 
275426 
265116 
245884 
266186 
261858 
274601 
244482 
251069 
249151 
244117 
242645 
225587 
230787 
239563 
262038 
226079 
244844 
243390 
238052 
241068 
251340 
221132 
243654 
252192 
214949 
244459 
248409 
262395 
269149 
263303 
232293 
252451 
229009 
218068 
254526 
270720 
261988 
268001 
235004 
248702 
225211 
258472 
248672 
252064 
260580 
248054 
233067 
232780 
242533 
257322 
239042 
249821 
227026 
248482 
231366 
222645 
260601 
255737 
228303 
232061 
231316 
256790 
228289 
279297 
239829 
239454 
223065 
244173 
245847 
260958 
246612 
246668 
240681 
243057 
218934 
264625 
255233 
238552 
230305 
249100 
259757 
259531 
243133 
236403 
247084 
254809 
219549 
241726 
250871 
299269 
250467 
258258 
253553 
251809 
261875 
260745 
239555 
230050 
227485 
224935 
260298 
279889 
255850 
241626 
245904 
260318 
249347 
239287 
246508 
244599 
232967 
233196 
224284 
236187 
262511 
236317 
242293 
235241 
260098 
232792 
250028 
247210 
243098 
249090 
211846 
250001 
262887 
251026 
256170 
260242 
251582 
250273 
253151 
244587 
272310 
262516 
286755 
284445 
250722 
257019 
244203 
274198 
284438 
249363 
249305 
273093 
248310 
238182 
240433 
281092 
260978 
266378 
259469 
260063 
260243 
243944 
274795 
263143 
268010 
253724 
258416 
278864 
247004 
275602 
244651 
244590 
263574 
265732 
269685 
273750 
283858 
259900 
267790 
258871 
240806 
279581 
253538 
249142 
275456 
266536 
266070 
293236 
273514 
249160 
262524 
282060 
258686 
256620 
269561 
305390 
268394 
273388 
272160 
277966 
286271 
280515 
230132 
250789 
252414 
268018 
290903 
286223 
266282 
271074 
269924 
272152 
267385 
271447 
276791 
257697 
276755 
253706 
263916 
252747 
276782 
256411 
256109 
254812 
281187 
260581 
276082 
262085 
264781 
279527 
238002 
261443 
267196 
282781 
292202 
286244 
273013 
273027 
256698 
241455 
281914 
279168 
287161 
287018 
258783 
272235 
253056 
273652 
277980 
277710 
280963 
269383 
236148 
218447 
250638 
273885 
254314 
281215 
256764 
273103 
258480 
256386 
279668 
267104 
257803 
262153 
259596 
269362 
254045 
299188 
271948 
274556 
274600 
268567 
253921 
265573 
284586 
272318 
264591 
252832 
258984 
286171 
272930 
240322 
257515 
266469 
257985 
264352 
271057 
264692 
262272 
283929 
264179 
258066 
263322 
322192 
277205 
283669 
277553 
273488 
285793 
287089 
252878 
260407 
250735 
253973 
279365 
296640 
281919 
289437 
288988 
287671 
258797 
279665 
294272 
265986 
269834 
253859 
277178 
253390 
295221 
257025 
286875 
257775 
286313 
244892 
274162 
267909 
269875 
297466 
233039 
267735 
294323 
287016 
281595 
292072 
273286 
241217 
223326 
232229 
258445 
253617 
266901 
274029 
234776 
227992 
227171 
232461 
250050 
229111 
242937 
241881 
231445 
218370 
214859 
253805 
242124 
255992 
226616 
252905 
245984 
227768 
268125 
251199 
263325 
249156 
227682 
266358 
229752 
256039 
238272 
230640 
238794 
240243 
249696 
267175 
256558 
240068 
252787 
245119 
235498 
256403 
234923 
225109 
236535 
241056 
244480 
256606 
247766 
219037 
243033 
241495 
241918 
234091 
251198 
293641 
243820 
266247 
247137 
243491 
270774 
257378 
216746 
218190 
229811 
232720 
262112 
265453 
248195 
228366 
256620 
247999 
234466 
236745 
250775 
233599 
234007 
236384 
243524 
225819 
256717 
237867 
242540 
237647 
257258 
228544 
256314 
231366 
247275 
257256 
209623 
244985 
256788 
256470 
263265 
259249 
216618 
208864 
201744 
214261 
219395 
213423 
237133 
229113 
206330 
218728 
196103 
208284 
224337 
222723 
222568 
214498 
211746 
176697 
196495 
215106 
199763 
232025 
185966 
221081 
203799 
194650 
220277 
223590 
213384 
219579 
204776 
218374 
211937 
235193 
210220 
210889 
203302 
211064 
208616 
211678 
221903 
230880 
211361 
204944 
194818 
222514 
208818 
203043 
217664 
207064 
201515 
212887 
229249 
213438 
219048 
210473 
207511 
194503 
201746 
257673 
206287 
224580 
207803 
223196 
226674 
237268 
194792 
201481 
222426 
203014 
236868 
233943 
225207 
216595 
208184 
234994 
212940 
215784 
244153 
211760 
217531 
208086 
207413 
206564 
223950 
198909 
218111 
206222 
225684 
198429 
198192 
196280 
222587 
221306 
191213 
210147 
232210 
220426 
217685 
219165 
191396 
226557 
229589 
225932 
233428 
238609 
238002 
249886 
221742 
220377 
205245 
232686 
240710 
216549 
232462 
234769 
214803 
199379 
203884 
239959 
212135 
235492 
212739 
245149 
213514 
215299 
240933 
217101 
222055 
221627 
215235 
225305 
206041 
252947 
217982 
235873 
222123 
233732 
227826 
243675 
244029 
237892 
232487 
221108 
218402 
231729 
233869 
211273 
238083 
218015 
223910 
229108 
219757 
211749 
213603 
221518 
233972 
217742 
223908 
279078 
230092 
259494 
229167 
236085 
246713 
236476 
228346 
209780 
205425 
217879 
235974 
241223 
259738 
227913 
234517 
239425 
211046 
221270 
251563 
230935 
217986 
226685 
231216 
214062 
256580 
221741 
224993 
218838 
254488 
217216 
227494 
225076 
232739 
240295 
195634 
253066 
225848 
241099 
261130 
254150 
234765 
240214 
230666 
231850 
244203 
225862 
253038 
263613 
236994 
221573 
217452 
241502 
229104 
238302 
246538 
250216 
232599 
214061 
225787 
239321 
238490 
253494 
240827 
246163 
236253 
209791 
253567 
225386 
235588 
229834 
227697 
256997 
234307 
252711 
234471 
223650 
235503 
228251 
248838 
251032 
247428 
233511 
240091 
230188 
224975 
249816 
252964 
228220 
238742 
220623 
234077 
264620 
242969 
241173 
233715 
232799 
235383 
250641 
242448 
276747 
248741 
259677 
251832 
257618 
254042 
234815 
207296 
219736 
216131 
219775 
255774 
243974 
231298 
247721 
251781 
253430 
220430 
235817 
258395 
235966 
232936 
241050 
238214 
235300 
254138 
232358 
237438 
242054 
250091 
235932 
256363 
245631 
247293 
257799 
214711 
239338 
244638 
251382 
268483 
248779 
256624 
263571 
253479 
254356 
282001 
277834 
298693 
285456 
270700 
264423 
259745 
283768 
289445 
265328 
279858 
268426 
275007 
230304 
255712 
306211 
263479 
279508 
259980 
286319 
275655 
270863 
303174 
277249 
278971 
273699 
269377 
276928 
271656 
291066 
265965 
278287 
267619 
277251 
274924 
278838 
290316 
283664 
268018 
260220 
273880 
293155 
277685 
255272 
276942 
251871 
279947 
277288 
286547 
263612 
278290 
278300 
266615 
268271 
259395 
317431 
278768 
290115 
280382 
284963 
293727 
306351 
268138 
264905 
264440 
254496 
299966 
286018 
294615 
277176 
291855 
308709 
267805 
269992 
282476 
271308 
264443 
262245 
285063 
273927 
289677 
260881 
284374 
264224 
309994 
263337 
278368 
275581 
267522 
277086 
255516 
281011 
293016 
285077 
297892 
281554 
277912 
214571 
212833 
208218 
236988 
232201 
238432 
225007 
208756 
223945 
209770 
221325 
244457 
215693 
234947 
235258 
214381 
179007 
214841 
233476 
210232 
219264 
222593 
234722 
234724 
216261 
241515 
225807 
218605 
201256 
215766 
232265 
221390 
232178 
208422 
203650 
217421 
214965 
220025 
225669 
224696 
218047 
219676 
220062 
203491 
228014 
223727 
214404 
230693 
217962 
215323 
240773 
219126 
216770 
212603 
223888 
216764 
227755 
233566 
252888 
239681 
234861 
226163 
217515 
251822 
232906 
202087 
195750 
203563 
225879 
231240 
238869 
240554 
219989 
241526 
227843 
221061 
233698 
225985 
216688 
213539 
214101 
221448 
234519 
252624 
216898 
227874 
215800 
231195 
205040 
231270 
211999 
218863 
226420 
191850 
209941 
247929 
215770 
228902 
235836 
220716 
239095 
228303 
219548 
233844 
206632 
246852 
242142 
217080 
218922 
211256 
218012 
234323 
222684 
228946 
232359 
206419 
198563 
193936 
231942 
221241 
216583 
198467 
234550 
217479 
212936 
241158 
225086 
232187 
212866 
209300 
234171 
198532 
242773 
213905 
213259 
217517 
221510 
220086 
225305 
237608 
224252 
232185 
216093 
211072 
235056 
209604 
206180 
223457 
212099 
240304 
241708 
221099 
198855 
225169 
228723 
212594 
204290 
205486 
279419 
228255 
251265 
216921 
227802 
231964 
235378 
213424 
196587 
225174 
209729 
249529 
239331 
233444 
231079 
236438 
244123 
206067 
215701 
234203 
211250 
214328 
212730 
220608 
215456 
252484 
213652 
222835 
216053 
236259 
198500 
228730 
216667 
224057 
241119 
185274 
224621 
235687 
243800 
241415 
240041 
219314 
249042 
207104 
233239 
246423 
246010 
262615 
269589 
223339 
236662 
220047 
252412 
254135 
246289 
239388 
233129 
228635 
206086 
233516 
249447 
218234 
232353 
220275 
251777 
248224 
224497 
242788 
244894 
232849 
254190 
228683 
260447 
249632 
266704 
228750 
233224 
219356 
233038 
251300 
257573 
250447 
243740 
248314 
234972 
216976 
242336 
248017 
221440 
243150 
237930 
245071 
257258 
254567 
243289 
246127 
247343 
235743 
238549 
241900 
296693 
259054 
264580 
254337 
259848 
262156 
246230 
209193 
214634 
232791 
229854 
247768 
266252 
240148 
246881 
256800 
259126 
239968 
247627 
269402 
239340 
238231 
253439 
229807 
215010 
266120 
236784 
251500 
249880 
262071 
247178 
244991 
247371 
244348 
253542 
215311 
245251 
253944 
253106 
259956 
236101 
257798 
269296 
237456 
248601 
291504 
280208 
282488 
282054 
257702 
264564 
247516 
267541 
279508 
265303 
269026 
256074 
262012 
235977 
241243 
274440 
276951 
286294 
244120 
288620 
271033 
254045 
283713 
268872 
270834 
267577 
257127 
301295 
248253 
278044 
260061 
272484 
246337 
274181 
269341 
271743 
287257 
270518 
263338 
271947 
253622 
298459 
264832 
251831 
265117 
263821 
277277 
273698 
273967 
249655 
276280 
259380 
244958 
242159 
262787 
312279 
278534 
291934 
267029 
292779 
296389 
297845 
244812 
249463 
248991 
239216 
291683 
289175 
271330 
275718 
281044 
295332 
264915 
257495 
286412 
270908 
259121 
258245 
260163 
268528 
281542 
260220 
285598 
259932 
292182 
256821 
263816 
259115 
266551 
271284 
241892 
268704 
290346 
292979 
291432 
289310 
267151 
