[[ 69351.  66730.  64315.  82860.  80234.  81700.  84187.  93948. 103857.
   76688.  89363.  92530.  84635.  98371.  94191.  78747.  85407.  89330.
   88270.  96869.  90723.  75716.  99888.  73238.  82023.  86717.  95035.
   65304.  79693.  87864.]
 [ 54630.  64703.  57628.  67601.  55364.  75883.  67022.  77566.  78711.
   53649.  69667.  62532.  69717.  76183.  72416.  66631.  75007.  83488.
   65638.  79416.  81074.  58728.  86324.  56076.  75618.  57271.  66875.
   52638.  75176.  63552.]
 [ 56635.  61490.  55091.  62454.  65812.  56990.  62464.  76731.  78981.
   56355.  70993.  69077.  64215.  74412.  73959.  61869.  69948.  68538.
   57825.  68377.  68442.  63570.  73338.  59482.  62418.  69050.  65131.
   57484.  63902.  58234.]
 [ 66588.  64815.  54821.  71442.  78238.  77402.  78221.  88149. 103442.
   62929.  73243.  76459.  71250.  90556.  80302.  73253.  82068.  83935.
   84214.  82039.  87587.  67600.  89214.  68043.  79679.  90497.  79369.
   60663.  75392.  75769.]
 [ 57878.  62437.  59405.  68298.  83948.  64000.  76963.  84954.  95036.
   60190.  71165.  76418.  71864.  75900.  74619.  66982.  78280.  70406.
   75325.  80615.  73691.  71680.  81573.  54986.  73959.  82188.  79779.
   59330.  57817.  73725.]
 [ 58876.  61950.  59249.  73248.  74853.  62176.  70716.  76045.  92234.
   55975.  63301.  73738.  64357.  77235.  71226.  69113.  74045.  70094.
   74214.  64828.  78836.  65382.  82338.  68606.  75786.  72581.  67594.
   50542.  65094.  65175.]
 [ 74023.  66308.  69161.  76173.  77145.  78543.  84260.  86613.  95363.
   66546.  75834.  83868.  78210.  78347.  82039.  67866.  84694.  70270.
   78244.  84885.  83582.  71470.  96929.  61235.  84727.  83105.  72975.
   58769.  68741.  81942.]
 [ 48601.  44678.  48052.  61165.  64960.  58722.  63285.  72110.  69192.
   57816.  65928.  59656.  60895.  62898.  63703.  59791.  61390.  71802.
   61138.  66760.  74264.  50510.  76162.  49672.  61562.  61140.  59068.
   48725.  48286.  66566.]
 [ 66002.  76142.  74167.  83304.  87329.  76226.  86487.  98292. 112087.
   68189.  84145.  87464.  92854.  97481.  93218.  85135.  80661.  74906.
   78196.  93480.  85851.  75743.  93120.  69762.  84383.  92154.  89235.
   61735.  81824.  86463.]
 [ 66222.  76308.  76854.  91294.  91322.  80068.  91402. 102016. 111091.
   78840.  91491.  95703.  89687. 101392. 100806.  90234.  81004.  82839.
   89631. 100667.  98158.  84614. 105692.  85662.  95058.  92553. 100705.
   67435.  81073.  86990.]
 [ 49662.  58075.  58091.  71544.  69976.  60059.  73456.  90939.  85188.
   56741.  74110.  66667.  65283.  70949.  84057.  70587.  69629.  62284.
   68533.  77638.  72118.  68755.  75203.  53707.  76388.  71260.  80663.
   51439.  67431.  70625.]
 [ 58966.  67214.  64117.  73581.  79499.  73330.  75578.  77289.  87489.
   64828.  76513.  84913.  75510.  88405.  74331.  76257.  72284.  81733.
   71291.  85398.  79222.  64789.  85537.  73870.  73247.  80930.  80570.
   52917.  75623.  72886.]
 [ 50798.  59613.  50569.  73010.  61231.  59107.  66444.  84347.  85630.
   59686.  67857.  63325.  69080.  70403.  69543.  66066.  69393.  75206.
   69351.  65011.  76831.  63041.  72613.  50801.  66026.  72064.  64355.
   48020.  59166.  67676.]
 [ 60142.  66583.  64492.  86032.  80983.  74192.  83534.  95343.  98294.
   66344.  83038.  82130.  78404.  92831.  79523.  65600.  82350.  89260.
   92014.  95978.  92865.  73339. 102182.  68753.  84121.  86366.  90321.
   63523.  75093.  82228.]
 [ 64039.  70983.  61340.  77978.  69767.  68298.  78794.  92446.  96718.
   62555.  78763.  75614.  77845.  78474.  86004.  74415.  78880.  75372.
   75116.  84768.  79202.  69594.  86529.  60291.  79913.  79274.  79260.
   58248.  72846.  73103.]
 [ 58877.  76169.  73537.  82895.  80859.  65381.  83084. 100256.  91580.
   62543.  80010.  86342.  74331.  94092.  91104.  69596.  86723.  88090.
   72063.  86691.  89618.  71645.  87989.  72247.  82921.  79398.  87505.
   59521.  77809.  73191.]
 [ 56843.  54139.  52535.  57995.  66672.  64241.  67448.  71618.  75143.
   50218.  61341.  66461.  65199.  75509.  60887.  51565.  67451.  68038.
   64893.  74141.  74618.  54265.  82819.  55760.  71681.  66463.  68057.
   54986.  60292.  69717.]
 [ 50830.  59108.  54535.  66337.  68634.  57828.  67501.  77194.  81355.
   61215.  70695.  70541.  64308.  73445.  67271.  67086.  63543.  79272.
   64458.  73932.  79430.  60726.  68461.  58183.  55492.  83017.  66909.
   52359.  61780.  67971.]
 [ 64073.  56934.  63058.  71644.  73557.  73939.  70128.  90674.  88643.
   62522.  67790.  74485.  71093.  89655.  80668.  66537.  83746.  78444.
   78707.  79779.  79626.  65815.  92887.  71795.  76330.  76038.  76935.
   61472.  81559.  79038.]
 [ 57664.  66750.  60973.  69466.  67939.  79024.  71961.  85863.  86951.
   59620.  71355.  75340.  73458.  84371.  79557.  79009.  70223.  85037.
   73318.  88348.  87284.  66730.  87237.  71352.  80147.  66369.  79061.
   54884.  78579.  69279.]
 [ 44997.  49390.  62702.  70369.  57022.  65107.  66510.  67957.  78571.
   61041.  56693.  67756.  66695.  76907.  73342.  65326.  54798.  65814.
   66806.  72876.  73608.  58916.  81832.  67174.  64920.  64333.  75499.
   49195.  60992.  68956.]
 [ 54336.  61891.  59629.  80806.  74624.  64592.  75146.  90743.  96337.
   65624.  72901.  75963.  70719.  76722.  67823.  69206.  68624.  78318.
   82484.  77146.  86961.  71710.  89382.  62562.  69570.  81547.  80812.
   60291.  63651.  77539.]
 [ 66289.  65008.  61193.  71855.  74348.  74841.  71551.  89122.  96215.
   63551.  76326.  73140.  81606.  87962.  79324.  73900.  76328.  82807.
   76082.  86251.  81876.  60203.  94636.  65694.  82113.  78324.  75646.
   63158.  76737.  75046.]
 [ 58117.  64394.  61376.  71699.  74744.  64179.  77176.  87548.  84581.
   60390.  68774.  77335.  69562.  81095.  75369.  58663.  81277.  80011.
   70870.  78155.  78776.  70117.  77692.  61110.  69095.  78772.  72237.
   54577.  64522.  66423.]
 [ 65174.  67328.  64703.  69811.  67852.  71824.  67365.  80188.  97901.
   69004.  73691.  78475.  80734.  82899.  74975.  69962.  71998.  72575.
   75805.  81594.  73022.  72032.  87495.  62097.  70361.  82614.  72731.
   61513.  68007.  68645.]
 [ 58508.  70566.  66787.  80781.  67040.  63822.  71378.  88618.  87465.
   65854.  79968.  80854.  74879.  76662.  81047.  74593.  70755.  70922.
   72166.  80322.  75941.  72286.  82259.  61089.  76975.  74125.  75216.
   47477.  71589.  67324.]
 [ 57265.  56420.  60673.  69622.  67360.  72349.  70894.  77404.  82892.
   59098.  56200.  73545.  73769.  82754.  72160.  68020.  74421.  69192.
   72144.  78886.  80753.  71184.  82918.  59174.  73367.  68729.  72363.
   54224.  68707.  72375.]
 [ 53994.  66811.  62883.  75650.  77301.  72091.  84784.  80858.  99439.
   65586.  79152.  78914.  77288.  83677.  75500.  76832.  65668.  74788.
   74277.  79008.  86325.  67568.  87674.  71774.  73659.  80950.  87739.
   59383.  68391.  77485.]
 [ 58534.  51316.  55941.  58496.  73454.  65376.  70100.  77225.  81443.
   57299.  64103.  68610.  65999.  70307.  68323.  60221.  66190.  65104.
   58329.  64948.  71372.  53123.  82045.  60832.  59871.  72586.  64543.
   54522.  55331.  78376.]
 [ 58790.  55288.  57379.  65056.  68028.  62971.  71944.  73848.  80410.
   53828.  59741.  70508.  61429.  73176.  69606.  54868.  72369.  67145.
   69641.  75280.  77853.  66051.  81612.  53408.  72307.  70063.  65196.
   50748.  59543.  65342.]]